
-00.00000006040 -640.00000
-00.00000006000 -620.00000
-00.00000005960 -620.00000
-00.00000005920 -620.00000
-00.00000005880 -620.00000
-00.00000005840 -620.00000
-00.00000005800 -620.00000
-00.00000005760 -620.00000
-00.00000005720 -600.00000
-00.00000005680 -620.00000
-00.00000005640 -620.00000
-00.00000005600 -620.00000
-00.00000005560 -640.00000
-00.00000005520 -620.00000
-00.00000005480 -620.00000
-00.00000005440 -620.00000
-00.00000005400 -620.00000
-00.00000005360 -620.00000
-00.00000005320 -620.00000
-00.00000005280 -640.00000
-00.00000005240 -620.00000
-00.00000005200 -620.00000
-00.00000005160 -620.00000
-00.00000005120 -600.00000
-00.00000005080 -600.00000
-00.00000005040 -600.00000
-00.00000005000 -600.00000
-00.00000004960 -600.00000
-00.00000004920 -600.00000
-00.00000004880 -620.00000
-00.00000004840 -620.00000
-00.00000004800 -620.00000
-00.00000004760 -620.00000
-00.00000004720 -600.00000
-00.00000004680 -620.00000
-00.00000004640 -620.00000
-00.00000004600 -620.00000
-00.00000004560 -620.00000
-00.00000004520 -600.00000
-00.00000004480 -620.00000
-00.00000004440 -620.00000
-00.00000004400 -620.00000
-00.00000004360 -620.00000
-00.00000004320 -620.00000
-00.00000004280 -620.00000
-00.00000004240 -620.00000
-00.00000004200 -620.00000
-00.00000004160 -620.00000
-00.00000004120 -620.00000
-00.00000004080 -620.00000
-00.00000004040 -620.00000
-00.00000004000 -600.00000
-00.00000003960 -600.00000
-00.00000003920 -600.00000
-00.00000003880 -600.00000
-00.00000003840 -600.00000
-00.00000003800 -620.00000
-00.00000003760 -620.00000
-00.00000003720 -620.00000
-00.00000003680 -620.00000
-00.00000003640 -620.00000
-00.00000003600 -620.00000
-00.00000003560 -620.00000
-00.00000003520 -620.00000
-00.00000003480 -640.00000
-00.00000003440 -620.00000
-00.00000003400 -620.00000
-00.00000003360 -620.00000
-00.00000003320 -600.00000
-00.00000003280 -600.00000
-00.00000003240 -600.00000
-00.00000003200 -600.00000
-00.00000003160 -600.00000
-00.00000003120 -600.00000
-00.00000003080 -600.00000
-00.00000003040 -600.00000
-00.00000003000 -600.00000
-00.00000002960 -600.00000
-00.00000002920 -600.00000
-00.00000002880 -600.00000
-00.00000002840 -600.00000
-00.00000002800 -600.00000
-00.00000002760 -600.00000
-00.00000002720 -600.00000
-00.00000002680 -600.00000
-00.00000002640 -600.00000
-00.00000002600 -600.00000
-00.00000002560 -600.00000
-00.00000002520 -600.00000
-00.00000002480 -600.00000
-00.00000002440 -600.00000
-00.00000002400 -580.00000
-00.00000002360 -580.00000
-00.00000002320 -580.00000
-00.00000002280 -580.00000
-00.00000002240 -580.00000
-00.00000002200 -580.00000
-00.00000002160 -580.00000
-00.00000002120 -560.00000
-00.00000002080 -560.00000
-00.00000002040 -560.00000
-00.00000002000 -560.00000
-00.00000001960 -560.00000
-00.00000001920 -560.00000
-00.00000001880 -560.00000
-00.00000001840 -560.00000
-00.00000001800 -540.00000
-00.00000001760 -540.00000
-00.00000001720 -540.00000
-00.00000001680 -540.00000
-00.00000001640 -520.00000
-00.00000001600 -500.00000
-00.00000001560 -500.00000
-00.00000001520 -480.00000
-00.00000001480 -480.00000
-00.00000001440 -480.00000
-00.00000001400 -480.00000
-00.00000001360 -460.00000
-00.00000001320 -440.00000
-00.00000001280 -440.00000
-00.00000001240 -440.00000
-00.00000001200 -440.00000
-00.00000001160 -440.00000
-00.00000001120 -420.00000
-00.00000001080 -420.00000
-00.00000001040 -420.00000
-00.00000001000 -420.00000
-00.00000000960 -400.00000
-00.00000000920 -380.00000
-00.00000000880 -380.00000
-00.00000000840 -380.00000
-00.00000000800 -360.00000
-00.00000000760 -360.00000
-00.00000000720 -340.00000
-00.00000000680 -340.00000
-00.00000000640 -340.00000
-00.00000000600 -320.00000
-00.00000000560 -320.00000
-00.00000000520 -300.00000
-00.00000000480 -300.00000
-00.00000000440 -300.00000
-00.00000000400 -300.00000
-00.00000000360 -300.00000
-00.00000000320 -280.00000
-00.00000000280 -280.00000
-00.00000000240 -260.00000
-00.00000000200 -240.00000
-00.00000000160 -240.00000
-00.00000000120 -240.00000
-00.00000000080 -240.00000
-00.00000000040 -240.00000
-00.00000000000 -240.00000
00.000000000400 240.00000
00.000000000800 220.00000
00.000000001200 220.00000
00.000000001600 220.00000
00.000000002000 200.00000
00.000000002400 200.00000
00.000000002800 180.00000
00.000000003200 180.00000
00.000000003600 180.00000
00.000000004000 160.00000
00.000000004400 140.00000
00.000000004800 120.00000
00.000000005200 120.00000
00.000000005600 100.00000
00.000000006000 100.00000
00.000000006400 100.00000
00.000000006800 100.00000
00.000000007200 100.00000
00.000000007600 100.00000
00.000000008000 100.00000
00.000000008400 100.00000
00.000000008800 100.00000
00.000000009200 100.00000
00.000000009600 100.00000
00.000000010000 -80.00000
00.000000010400 -80.00000
00.000000010800 -60.00000
00.000000011200 -60.00000
00.000000011600 -60.00000
00.000000012000 -40.00000
00.000000012400 -20.00000
00.000000012800   0.00000
00.000000013200   0.00000
00.000000013600   0.00000
00.000000014000   0.00000
00.000000014400   0.00000
00.000000014800   0.00000
00.000000015200   0.00000
00.000000015600   0.00000
00.000000016000  20.00000
00.000000016400  20.00000
00.000000016800  20.00000
00.000000017200  20.00000
00.000000017600  20.00000
00.000000018000  20.00000
00.000000018400  20.00000
00.000000018800  40.00000
00.000000019200  40.00000
00.000000019600  40.00000
00.000000020000  60.00000
00.000000020400  60.00000
00.000000020800  80.00000
00.000000021200  60.00000
00.000000021600  60.00000
00.000000022000  40.00000
00.000000022400  40.00000
00.000000022800  40.00000
00.000000023200  40.00000
00.000000023600  60.00000
00.000000024000  80.00000
00.000000024400  80.00000
00.000000024800  80.00000
00.000000025200  80.00000
00.000000025600  80.00000
00.000000026000  80.00000
00.000000026400  80.00000
00.000000026800  80.00000
00.000000027200  80.00000
00.000000027600  80.00000
00.000000028000  80.00000
00.000000028400  80.00000
00.000000028800  80.00000
00.000000029200  80.00000
00.000000029600  80.00000
00.000000030000 100.00000
00.000000030400 100.00000
00.000000030800 120.00000
00.000000031200 100.00000
00.000000031600 100.00000
00.000000032000  80.00000
00.000000032400  80.00000
00.000000032800  80.00000
00.000000033200  60.00000
00.000000033600  80.00000
00.000000034000  80.00000
00.000000034400  80.00000
00.000000034800 100.00000
00.000000035200  80.00000
00.000000035600  80.00000
00.000000036000  80.00000
00.000000036400  80.00000
00.000000036800 100.00000
00.000000037200  80.00000
00.000000037600  80.00000
00.000000038000  80.00000
00.000000038400  80.00000
00.000000038800  80.00000
00.000000039200  80.00000
00.000000039600  80.00000
00.000000040000  80.00000
00.000000040400  80.00000
00.000000040800 100.00000
00.000000041200  80.00000
00.000000041600  80.00000
00.000000042000  80.00000
00.000000042400  80.00000
00.000000042800  80.00000
00.000000043200  80.00000
00.000000043600  80.00000
00.000000044000  80.00000
00.000000044400  80.00000
00.000000044800  80.00000
00.000000045200  80.00000
00.000000045600  80.00000
00.000000046000  80.00000
00.000000046400  80.00000
00.000000046800 100.00000
00.000000047200 100.00000
00.000000047600 100.00000
00.000000048000  80.00000
00.000000048400  80.00000
00.000000048800  80.00000
00.000000049200  80.00000
00.000000049600  80.00000
00.000000050000  80.00000
00.000000050400  80.00000
00.000000050800  80.00000
00.000000051200  80.00000
00.000000051600  80.00000
00.000000052000  60.00000
00.000000052400  60.00000
00.000000052800  60.00000
00.000000053200  40.00000
00.000000053600  60.00000
00.000000054000  60.00000
00.000000054400  60.00000
00.000000054800  80.00000
00.000000055200  60.00000
00.000000055600  60.00000
00.000000056000  60.00000
00.000000056400  40.00000
00.000000056800  60.00000
00.000000057200  60.00000
00.000000057600  60.00000
00.000000058000  80.00000
00.000000058400  80.00000
00.000000058800  80.00000
00.000000059200  60.00000
00.000000059600  60.00000
00.000000060000  60.00000
00.000000060400  60.00000
00.000000060800  80.00000
00.000000061200  60.00000
00.000000061600  60.00000
00.000000062000  60.00000
00.000000062400  40.00000
00.000000062800  60.00000
00.000000063200  60.00000
00.000000063600  60.00000
00.000000064000  80.00000
00.000000064400  80.00000
00.000000064800 100.00000
00.000000065200  80.00000
00.000000065600  80.00000
00.000000066000  80.00000
00.000000066400  60.00000
00.000000066800  80.00000
00.000000067200  80.00000
00.000000067600  80.00000
00.000000068000 100.00000
00.000000068400  80.00000
00.000000068800  80.00000
00.000000069200  60.00000
00.000000069600  60.00000
00.000000070000  60.00000
00.000000070400  60.00000
00.000000070800  80.00000
00.000000071200  80.00000
00.000000071600  80.00000
00.000000072000 100.00000
00.000000072400 100.00000
00.000000072800 100.00000
00.000000073200 100.00000
00.000000073600 100.00000
00.000000074000 100.00000
00.000000074400 100.00000
00.000000074800 100.00000
00.000000075200 100.00000
00.000000075600 100.00000
00.000000076000 100.00000
00.000000076400 100.00000
00.000000076800 100.00000
00.000000077200 100.00000
00.000000077600 100.00000
00.000000078000 120.00000
00.000000078400 120.00000
00.000000078800 140.00000
00.000000079200 120.00000
00.000000079600 120.00000
00.000000080000 100.00000
00.000000080400 100.00000
00.000000080800 120.00000
00.000000081200 120.00000
00.000000081600 140.00000
00.000000082000 160.00000
00.000000082400 160.00000
00.000000082800 160.00000
00.000000083200 160.00000
00.000000083600 160.00000
00.000000084000 160.00000
00.000000084400 160.00000
00.000000084800 180.00000
00.000000085200 180.00000
00.000000085600 180.00000
00.000000086000 200.00000
00.000000086400 200.00000
00.000000086800 220.00000
00.000000087200 220.00000
00.000000087600 220.00000
00.000000088000 220.00000
00.000000088400 220.00000
00.000000088800 220.00000
00.000000089200 220.00000
00.000000089600 220.00000
00.000000090000 240.00000
00.000000090400 240.00000
00.000000090800 260.00000
00.000000091200 260.00000
00.000000091600 260.00000
00.000000092000 280.00000
00.000000092400 280.00000
00.000000092800 300.00000
00.000000093200 300.00000
00.000000093600 300.00000
00.000000094000 300.00000
00.000000094400 300.00000
00.000000094800 300.00000
00.000000095200 280.00000
00.000000095600 300.00000
00.000000096000 300.00000
00.000000096400 320.00000
00.000000096800 340.00000
00.000000097200 340.00000
00.000000097600 360.00000
00.000000098000 360.00000
00.000000098400 360.00000
00.000000098800 360.00000
00.000000099200 360.00000
00.000000099600 360.00000
00.000000100000 380.00000
00.000000100400 380.00000
00.000000100800 400.00000
00.000000101200 400.00000
00.000000101600 400.00000
00.000000102000 400.00000
00.000000102400 420.00000
00.000000102800 440.00000
00.000000103200 420.00000
00.000000103600 420.00000
00.000000104000 420.00000
00.000000104400 440.00000
00.000000104800 460.00000
00.000000105200 480.00000
00.000000105600 480.00000
00.000000106000 500.00000
00.000000106400 500.00000
00.000000106800 500.00000
00.000000107200 480.00000
00.000000107600 480.00000
00.000000108000 480.00000
00.000000108400 480.00000
00.000000108800 500.00000
00.000000109200 500.00000
00.000000109600 520.00000
00.000000110000 540.00000
00.000000110400 540.00000
00.000000110800 560.00000
00.000000111200 560.00000
00.000000111600 560.00000
00.000000112000 560.00000
00.000000112400 560.00000
00.000000112800 560.00000
00.000000113200 540.00000
00.000000113600 560.00000
00.000000114000 560.00000
00.000000114400 580.00000
00.000000114800 600.00000
00.000000115200 600.00000
00.000000115600 600.00000
00.000000116000 600.00000
00.000000116400 600.00000
00.000000116800 600.00000
00.000000117200 600.00000
00.000000117600 600.00000
00.000000118000 620.00000
00.000000118400 620.00000
00.000000118800 620.00000
00.000000119200 620.00000
00.000000119600 620.00000
00.000000120000 640.00000
00.000000120400 640.00000
00.000000120800 660.00000
00.000000121200 640.00000
00.000000121600 640.00000
00.000000122000 640.00000
00.000000122400 640.00000
00.000000122800 660.00000
00.000000123200 640.00000
00.000000123600 640.00000
00.000000124000 640.00000
00.000000124400 640.00000
00.000000124800 660.00000
00.000000125200 660.00000
00.000000125600 660.00000
00.000000126000 660.00000
00.000000126400 660.00000
00.000000126800 660.00000
00.000000127200 660.00000
00.000000127600 660.00000
00.000000128000 660.00000
00.000000128400 660.00000
00.000000128800 660.00000
00.000000129200 660.00000
00.000000129600 680.00000
00.000000130000 700.00000
00.000000130400 720.00000
00.000000130800 720.00000
00.000000131200 700.00000
00.000000131600 680.00000
00.000000132000 660.00000
00.000000132400 660.00000
00.000000132800 680.00000
00.000000133200 680.00000
00.000000133600 680.00000
00.000000134000 700.00000
00.000000134400 680.00000
00.000000134800 680.00000
00.000000135200 660.00000
00.000000135600 660.00000
00.000000136000 660.00000
00.000000136400 660.00000
00.000000136800 680.00000
00.000000137200 680.00000
00.000000137600 700.00000
00.000000138000 700.00000
00.000000138400 680.00000
00.000000138800 680.00000
00.000000139200 660.00000
00.000000139600 660.00000
00.000000140000 660.00000
00.000000140400 640.00000
00.000000140800 660.00000
00.000000141200 660.00000
00.000000141600 660.00000
00.000000142000 680.00000
00.000000142400 680.00000
00.000000142800 680.00000
00.000000143200 680.00000
00.000000143600 680.00000
00.000000144000 660.00000
00.000000144400 660.00000
00.000000144800 660.00000
00.000000145200 660.00000
00.000000145600 660.00000
00.000000146000 660.00000
00.000000146400 660.00000
00.000000146800 660.00000
00.000000147200 660.00000
00.000000147600 660.00000
00.000000148000 640.00000
00.000000148400 640.00000
00.000000148800 640.00000
00.000000149200 620.00000
00.000000149600 640.00000
00.000000150000 640.00000
00.000000150400 640.00000
00.000000150800 660.00000
00.000000151200 640.00000
00.000000151600 640.00000
00.000000152000 640.00000
00.000000152400 640.00000
00.000000152800 660.00000
00.000000153200 660.00000
00.000000153600 660.00000
00.000000154000 660.00000
00.000000154400 660.00000
00.000000154800 660.00000
00.000000155200 660.00000
00.000000155600 660.00000
00.000000156000 660.00000
00.000000156400 660.00000
00.000000156800 660.00000
00.000000157200 660.00000
00.000000157600 660.00000
00.000000158000 680.00000
00.000000158400 680.00000
00.000000158800 680.00000
00.000000159200 660.00000
00.000000159600 640.00000
00.000000160000 640.00000
00.000000160400 640.00000
00.000000160800 660.00000
00.000000161200 660.00000
00.000000161600 660.00000
00.000000162000 640.00000
00.000000162400 640.00000
00.000000162800 640.00000
00.000000163200 620.00000
00.000000163600 640.00000
00.000000164000 640.00000
00.000000164400 640.00000
00.000000164800 660.00000
00.000000165200 640.00000
00.000000165600 640.00000
00.000000166000 640.00000
00.000000166400 640.00000
00.000000166800 660.00000
00.000000167200 660.00000
00.000000167600 660.00000
00.000000168000 640.00000
00.000000168400 640.00000
00.000000168800 640.00000
00.000000169200 640.00000
00.000000169600 640.00000
00.000000170000 640.00000
00.000000170400 640.00000
00.000000170800 640.00000
00.000000171200 620.00000
00.000000171600 640.00000
00.000000172000 640.00000
00.000000172400 640.00000
00.000000172800 660.00000
00.000000173200 640.00000
00.000000173600 620.00000
00.000000174000 620.00000
00.000000174400 620.00000
00.000000174800 640.00000
00.000000175200 640.00000
00.000000175600 640.00000
00.000000176000 640.00000
00.000000176400 640.00000
00.000000176800 640.00000
00.000000177200 640.00000
00.000000177600 640.00000
00.000000178000 620.00000
00.000000178400 620.00000
00.000000178800 620.00000
00.000000179200 600.00000
00.000000179600 620.00000
00.000000180000 620.00000
00.000000180400 620.00000
00.000000180800 640.00000
00.000000181200 640.00000
00.000000181600 660.00000
00.000000182000 660.00000
00.000000182400 640.00000
00.000000182800 640.00000
00.000000183200 620.00000
00.000000183600 620.00000
00.000000184000 620.00000
00.000000184400 640.00000
00.000000184800 660.00000
00.000000185200 660.00000
00.000000185600 660.00000
00.000000186000 640.00000
00.000000186400 640.00000
00.000000186800 640.00000
00.000000187200 620.00000
00.000000187600 620.00000
00.000000188000 620.00000
00.000000188400 620.00000
00.000000188800 640.00000
00.000000189200 640.00000
00.000000189600 640.00000
00.000000190000 640.00000
00.000000190400 640.00000
00.000000190800 640.00000
00.000000191200 620.00000
00.000000191600 620.00000
00.000000192000 600.00000
00.000000192400 600.00000
00.000000192800 600.00000
00.000000193200 600.00000
00.000000193600 600.00000
00.000000194000 620.00000
00.000000194400 620.00000
00.000000194800 620.00000
00.000000195200 600.00000
00.000000195600 600.00000
00.000000196000 600.00000
00.000000196400 600.00000
00.000000196800 620.00000
00.000000197200 600.00000
00.000000197600 600.00000
00.000000198000 600.00000
00.000000198400 580.00000
00.000000198800 600.00000
00.000000199200 600.00000
00.000000199600 600.00000
00.000000200000 600.00000
00.000000200400 600.00000
00.000000200800 600.00000
00.000000201200 600.00000
00.000000201600 600.00000
00.000000202000 600.00000
00.000000202400 600.00000
00.000000202800 600.00000
00.000000203200 600.00000
00.000000203600 600.00000
00.000000204000 600.00000
00.000000204400 600.00000
00.000000204800 620.00000
00.000000205200 620.00000
00.000000205600 620.00000
00.000000206000 600.00000
00.000000206400 600.00000
00.000000206800 600.00000
00.000000207200 600.00000
00.000000207600 600.00000
00.000000208000 620.00000
00.000000208400 620.00000
00.000000208800 620.00000
00.000000209200 600.00000
00.000000209600 600.00000
00.000000210000 600.00000
00.000000210400 600.00000
00.000000210800 620.00000
00.000000211200 600.00000
00.000000211600 600.00000
00.000000212000 580.00000
00.000000212400 580.00000
00.000000212800 580.00000
00.000000213200 580.00000
00.000000213600 580.00000
00.000000214000 600.00000
00.000000214400 600.00000
00.000000214800 600.00000
00.000000215200 600.00000
00.000000215600 600.00000
00.000000216000 600.00000
00.000000216400 600.00000
00.000000216800 600.00000
00.000000217200 600.00000
00.000000217600 600.00000
00.000000218000 580.00000
00.000000218400 580.00000
00.000000218800 580.00000
00.000000219200 580.00000
00.000000219600 580.00000
00.000000220000 580.00000
00.000000220400 580.00000
00.000000220800 580.00000
00.000000221200 580.00000
00.000000221600 580.00000
00.000000222000 580.00000
00.000000222400 580.00000
00.000000222800 580.00000
00.000000223200 580.00000
00.000000223600 580.00000
00.000000224000 580.00000
00.000000224400 580.00000
00.000000224800 580.00000
00.000000225200 580.00000
00.000000225600 580.00000
00.000000226000 580.00000
00.000000226400 580.00000
00.000000226800 580.00000
00.000000227200 580.00000
00.000000227600 580.00000
00.000000228000 600.00000
00.000000228400 600.00000
00.000000228800 600.00000
00.000000229200 600.00000
00.000000229600 600.00000
00.000000230000 600.00000
00.000000230400 600.00000
00.000000230800 600.00000
00.000000231200 580.00000
00.000000231600 580.00000
00.000000232000 580.00000
00.000000232400 580.00000
00.000000232800 600.00000
00.000000233200 580.00000
00.000000233600 580.00000
00.000000234000 580.00000
00.000000234400 580.00000
00.000000234800 580.00000
00.000000235200 580.00000
00.000000235600 580.00000
00.000000236000 580.00000
00.000000236400 580.00000
00.000000236800 580.00000
00.000000237200 580.00000
00.000000237600 580.00000
00.000000238000 580.00000
00.000000238400 580.00000
00.000000238800 600.00000
00.000000239200 580.00000
00.000000239600 580.00000
00.000000240000 560.00000
00.000000240400 560.00000
00.000000240800 560.00000
00.000000241200 560.00000
00.000000241600 560.00000
00.000000242000 560.00000
00.000000242400 560.00000
00.000000242800 560.00000
00.000000243200 560.00000
00.000000243600 560.00000
00.000000244000 560.00000
00.000000244400 560.00000
00.000000244800 560.00000
00.000000245200 560.00000
00.000000245600 560.00000
00.000000246000 580.00000
00.000000246400 580.00000
00.000000246800 580.00000
00.000000247200 580.00000
00.000000247600 580.00000
00.000000248000 580.00000
00.000000248400 580.00000
00.000000248800 600.00000
00.000000249200 600.00000
00.000000249600 620.00000
00.000000250000 600.00000
00.000000250400 600.00000
00.000000250800 580.00000
00.000000251200 560.00000
00.000000251600 560.00000
00.000000252000 560.00000
00.000000252400 560.00000
00.000000252800 560.00000
00.000000253200 540.00000
00.000000253600 540.00000
00.000000254000 520.00000
00.000000254400 520.00000
00.000000254800 540.00000
00.000000255200 540.00000
00.000000255600 560.00000
00.000000256000 580.00000
00.000000256400 580.00000
00.000000256800 580.00000
00.000000257200 560.00000
00.000000257600 560.00000
00.000000258000 540.00000
00.000000258400 540.00000
00.000000258800 540.00000
00.000000259200 540.00000
00.000000259600 540.00000
00.000000260000 560.00000
00.000000260400 560.00000
00.000000260800 560.00000
00.000000261200 560.00000
00.000000261600 560.00000
00.000000262000 560.00000
00.000000262400 560.00000
00.000000262800 560.00000
00.000000263200 560.00000
00.000000263600 560.00000
00.000000264000 560.00000
00.000000264400 560.00000
00.000000264800 560.00000
00.000000265200 560.00000
00.000000265600 560.00000
00.000000266000 580.00000
00.000000266400 580.00000
00.000000266800 580.00000
00.000000267200 560.00000
00.000000267600 540.00000
00.000000268000 540.00000
00.000000268400 540.00000
00.000000268800 540.00000
00.000000269200 520.00000
00.000000269600 520.00000
00.000000270000 520.00000
00.000000270400 520.00000
00.000000270800 540.00000
00.000000271200 560.00000
00.000000271600 560.00000
00.000000272000 580.00000
00.000000272400 560.00000
00.000000272800 560.00000
00.000000273200 560.00000
00.000000273600 560.00000
00.000000274000 540.00000
00.000000274400 540.00000
00.000000274800 540.00000
00.000000275200 540.00000
00.000000275600 540.00000
00.000000276000 560.00000
00.000000276400 540.00000
00.000000276800 540.00000
00.000000277200 520.00000
00.000000277600 520.00000
00.000000278000 520.00000
00.000000278400 520.00000
00.000000278800 540.00000
00.000000279200 540.00000
00.000000279600 540.00000
00.000000280000 520.00000
00.000000280400 520.00000
00.000000280800 520.00000
00.000000281200 520.00000
00.000000281600 520.00000
00.000000282000 520.00000
00.000000282400 520.00000
00.000000282800 520.00000
00.000000283200 520.00000
00.000000283600 520.00000
00.000000284000 540.00000
00.000000284400 540.00000
00.000000284800 560.00000
00.000000285200 540.00000
00.000000285600 540.00000
00.000000286000 540.00000
00.000000286400 520.00000
00.000000286800 540.00000
00.000000287200 540.00000
00.000000287600 540.00000
00.000000288000 560.00000
00.000000288400 560.00000
00.000000288800 560.00000
00.000000289200 560.00000
00.000000289600 580.00000
00.000000290000 560.00000
00.000000290400 560.00000
00.000000290800 540.00000
00.000000291200 520.00000
00.000000291600 520.00000
00.000000292000 520.00000
00.000000292400 520.00000
00.000000292800 540.00000
00.000000293200 520.00000
00.000000293600 520.00000
00.000000294000 520.00000
00.000000294400 500.00000
00.000000294800 520.00000
00.000000295200 520.00000
00.000000295600 520.00000
00.000000296000 520.00000
00.000000296400 520.00000
00.000000296800 520.00000
00.000000297200 500.00000
00.000000297600 520.00000
00.000000298000 520.00000
00.000000298400 520.00000
00.000000298800 540.00000
00.000000299200 520.00000
00.000000299600 520.00000
00.000000300000 520.00000
00.000000300400 520.00000
00.000000300800 520.00000
00.000000301200 500.00000
00.000000301600 500.00000
00.000000302000 500.00000
00.000000302400 500.00000
00.000000302800 520.00000
00.000000303200 520.00000
00.000000303600 540.00000
00.000000304000 540.00000
00.000000304400 520.00000
00.000000304800 520.00000
00.000000305200 500.00000
00.000000305600 500.00000
00.000000306000 500.00000
00.000000306400 480.00000
00.000000306800 500.00000
00.000000307200 500.00000
00.000000307600 500.00000
00.000000308000 500.00000
00.000000308400 500.00000
00.000000308800 500.00000
00.000000309200 480.00000
00.000000309600 500.00000
00.000000310000 500.00000
00.000000310400 500.00000
00.000000310800 520.00000
00.000000311200 520.00000
00.000000311600 520.00000
00.000000312000 520.00000
00.000000312400 520.00000
00.000000312800 520.00000
00.000000313200 500.00000
00.000000313600 500.00000
00.000000314000 480.00000
00.000000314400 480.00000
00.000000314800 500.00000
00.000000315200 500.00000
00.000000315600 520.00000
00.000000316000 540.00000
00.000000316400 540.00000
00.000000316800 540.00000
00.000000317200 520.00000
00.000000317600 520.00000
00.000000318000 520.00000
00.000000318400 520.00000
00.000000318800 520.00000
00.000000319200 500.00000
00.000000319600 500.00000
00.000000320000 500.00000
00.000000320400 500.00000
00.000000320800 520.00000
00.000000321200 520.00000
00.000000321600 520.00000
00.000000322000 520.00000
00.000000322400 520.00000
00.000000322800 520.00000
00.000000323200 520.00000
00.000000323600 520.00000
00.000000324000 500.00000
00.000000324400 500.00000
00.000000324800 500.00000
00.000000325200 480.00000
00.000000325600 480.00000
00.000000326000 480.00000
00.000000326400 460.00000
00.000000326800 480.00000
00.000000327200 480.00000
00.000000327600 480.00000
00.000000328000 500.00000
00.000000328400 500.00000
00.000000328800 520.00000
00.000000329200 500.00000
00.000000329600 500.00000
00.000000330000 500.00000
00.000000330400 500.00000
00.000000330800 520.00000
00.000000331200 500.00000
00.000000331600 500.00000
00.000000332000 480.00000
00.000000332400 480.00000
00.000000332800 480.00000
00.000000333200 480.00000
00.000000333600 480.00000
00.000000334000 480.00000
00.000000334400 480.00000
00.000000334800 480.00000
00.000000335200 480.00000
00.000000335600 480.00000
00.000000336000 480.00000
00.000000336400 480.00000
00.000000336800 480.00000
00.000000337200 480.00000
00.000000337600 480.00000
00.000000338000 500.00000
00.000000338400 500.00000
00.000000338800 520.00000
00.000000339200 500.00000
00.000000339600 480.00000
00.000000340000 460.00000
00.000000340400 460.00000
00.000000340800 480.00000
00.000000341200 480.00000
00.000000341600 480.00000
00.000000342000 480.00000
00.000000342400 480.00000
00.000000342800 480.00000
00.000000343200 480.00000
00.000000343600 480.00000
00.000000344000 480.00000
00.000000344400 480.00000
00.000000344800 480.00000
00.000000345200 460.00000
00.000000345600 460.00000
00.000000346000 460.00000
00.000000346400 460.00000
00.000000346800 480.00000
00.000000347200 480.00000
00.000000347600 480.00000
00.000000348000 480.00000
00.000000348400 480.00000
00.000000348800 500.00000
00.000000349200 500.00000
00.000000349600 500.00000
00.000000350000 480.00000
00.000000350400 480.00000
00.000000350800 480.00000
00.000000351200 480.00000
00.000000351600 480.00000
00.000000352000 480.00000
00.000000352400 480.00000
00.000000352800 480.00000
00.000000353200 460.00000
00.000000353600 480.00000
00.000000354000 480.00000
00.000000354400 480.00000
00.000000354800 500.00000
00.000000355200 480.00000
00.000000355600 480.00000
00.000000356000 460.00000
00.000000356400 460.00000
00.000000356800 460.00000
00.000000357200 460.00000
00.000000357600 460.00000
00.000000358000 460.00000
00.000000358400 460.00000
00.000000358800 460.00000
00.000000359200 460.00000
00.000000359600 460.00000
00.000000360000 460.00000
00.000000360400 460.00000
00.000000360800 480.00000
00.000000361200 480.00000
00.000000361600 480.00000
00.000000362000 480.00000
00.000000362400 480.00000
00.000000362800 480.00000
00.000000363200 460.00000
00.000000363600 460.00000
00.000000364000 460.00000
00.000000364400 460.00000
00.000000364800 480.00000
00.000000365200 480.00000
00.000000365600 480.00000
00.000000366000 460.00000
00.000000366400 460.00000
00.000000366800 460.00000
00.000000367200 460.00000
00.000000367600 460.00000
00.000000368000 460.00000
00.000000368400 460.00000
00.000000368800 460.00000
00.000000369200 460.00000
00.000000369600 460.00000
00.000000370000 480.00000
00.000000370400 480.00000
00.000000370800 480.00000
00.000000371200 460.00000
00.000000371600 460.00000
00.000000372000 460.00000
00.000000372400 460.00000
00.000000372800 480.00000
00.000000373200 480.00000
00.000000373600 480.00000
00.000000374000 480.00000
00.000000374400 480.00000
00.000000374800 480.00000
00.000000375200 480.00000
00.000000375600 480.00000
00.000000376000 460.00000
00.000000376400 460.00000
00.000000376800 460.00000
00.000000377200 460.00000
00.000000377600 460.00000
00.000000378000 480.00000
00.000000378400 480.00000
00.000000378800 480.00000
00.000000379200 460.00000
00.000000379600 460.00000
00.000000380000 460.00000
00.000000380400 460.00000
00.000000380800 460.00000
00.000000381200 460.00000
00.000000381600 460.00000
00.000000382000 460.00000
00.000000382400 460.00000
00.000000382800 480.00000
00.000000383200 480.00000
00.000000383600 480.00000
00.000000384000 480.00000
00.000000384400 480.00000
00.000000384800 480.00000
00.000000385200 460.00000
00.000000385600 460.00000
00.000000386000 460.00000
00.000000386400 460.00000
00.000000386800 460.00000
00.000000387200 460.00000
00.000000387600 460.00000
00.000000388000 460.00000
00.000000388400 460.00000
00.000000388800 460.00000
00.000000389200 440.00000
00.000000389600 440.00000
00.000000390000 440.00000
00.000000390400 440.00000
00.000000390800 460.00000
00.000000391200 440.00000
00.000000391600 440.00000
00.000000392000 440.00000
00.000000392400 420.00000
00.000000392800 440.00000
00.000000393200 440.00000
00.000000393600 440.00000
00.000000394000 460.00000
00.000000394400 460.00000
00.000000394800 460.00000
00.000000395200 460.00000
00.000000395600 460.00000
00.000000396000 460.00000
00.000000396400 460.00000
00.000000396800 460.00000
00.000000397200 460.00000
00.000000397600 460.00000
00.000000398000 460.00000
00.000000398400 460.00000
00.000000398800 460.00000
00.000000399200 460.00000
00.000000399600 460.00000
00.000000400000 440.00000
00.000000400400 440.00000
00.000000400800 440.00000
00.000000401200 420.00000
00.000000401600 440.00000
00.000000402000 440.00000
00.000000402400 440.00000
00.000000402800 460.00000
00.000000403200 440.00000
00.000000403600 440.00000
00.000000404000 440.00000
00.000000404400 440.00000
00.000000404800 440.00000
00.000000405200 440.00000
00.000000405600 440.00000
00.000000406000 440.00000
00.000000406400 440.00000
00.000000406800 460.00000
00.000000407200 440.00000
00.000000407600 440.00000
00.000000408000 440.00000
00.000000408400 420.00000
00.000000408800 440.00000
00.000000409200 440.00000
00.000000409600 440.00000
00.000000410000 440.00000
00.000000410400 440.00000
00.000000410800 440.00000
00.000000411200 440.00000
00.000000411600 440.00000
00.000000412000 440.00000
00.000000412400 440.00000
00.000000412800 440.00000
00.000000413200 440.00000
00.000000413600 440.00000
00.000000414000 440.00000
00.000000414400 440.00000
00.000000414800 460.00000
00.000000415200 440.00000
00.000000415600 440.00000
00.000000416000 420.00000
00.000000416400 420.00000
00.000000416800 420.00000
00.000000417200 420.00000
00.000000417600 420.00000
00.000000418000 440.00000
00.000000418400 440.00000
00.000000418800 440.00000
00.000000419200 440.00000
00.000000419600 440.00000
00.000000420000 440.00000
00.000000420400 440.00000
00.000000420800 440.00000
00.000000421200 440.00000
00.000000421600 440.00000
00.000000422000 440.00000
00.000000422400 440.00000
00.000000422800 440.00000
00.000000423200 420.00000
00.000000423600 420.00000
00.000000424000 420.00000
00.000000424400 420.00000
00.000000424800 440.00000
00.000000425200 440.00000
00.000000425600 440.00000
00.000000426000 440.00000
00.000000426400 440.00000
00.000000426800 440.00000
00.000000427200 440.00000
00.000000427600 440.00000
00.000000428000 420.00000
00.000000428400 420.00000
00.000000428800 420.00000
00.000000429200 420.00000
00.000000429600 420.00000
00.000000430000 400.00000
00.000000430400 400.00000
00.000000430800 400.00000
00.000000431200 400.00000
00.000000431600 400.00000
00.000000432000 420.00000
00.000000432400 420.00000
00.000000432800 440.00000
00.000000433200 420.00000
00.000000433600 420.00000
00.000000434000 420.00000
00.000000434400 420.00000
00.000000434800 420.00000
00.000000435200 420.00000
00.000000435600 420.00000
00.000000436000 400.00000
00.000000436400 400.00000
00.000000436800 400.00000
00.000000437200 400.00000
00.000000437600 400.00000
00.000000438000 420.00000
00.000000438400 420.00000
00.000000438800 420.00000
00.000000439200 420.00000
00.000000439600 420.00000
00.000000440000 440.00000
00.000000440400 440.00000
00.000000440800 440.00000
00.000000441200 420.00000
00.000000441600 420.00000
00.000000442000 420.00000
00.000000442400 420.00000
00.000000442800 440.00000
00.000000443200 440.00000
00.000000443600 440.00000
00.000000444000 420.00000
00.000000444400 420.00000
00.000000444800 420.00000
00.000000445200 420.00000
00.000000445600 420.00000
00.000000446000 420.00000
00.000000446400 420.00000
00.000000446800 420.00000
00.000000447200 420.00000
00.000000447600 420.00000
00.000000448000 440.00000
00.000000448400 440.00000
00.000000448800 440.00000
00.000000449200 420.00000
00.000000449600 420.00000
00.000000450000 420.00000
00.000000450400 420.00000
00.000000450800 440.00000
00.000000451200 440.00000
00.000000451600 440.00000
00.000000452000 420.00000
00.000000452400 400.00000
00.000000452800 400.00000
00.000000453200 380.00000
00.000000453600 380.00000
00.000000454000 400.00000
00.000000454400 420.00000
00.000000454800 440.00000
00.000000455200 420.00000
00.000000455600 420.00000
00.000000456000 400.00000
00.000000456400 400.00000
00.000000456800 400.00000
00.000000457200 400.00000
00.000000457600 400.00000
00.000000458000 420.00000
00.000000458400 420.00000
00.000000458800 420.00000
00.000000459200 420.00000
00.000000459600 420.00000
00.000000460000 420.00000
00.000000460400 420.00000
00.000000460800 420.00000
00.000000461200 420.00000
00.000000461600 420.00000
00.000000462000 400.00000
00.000000462400 400.00000
00.000000462800 400.00000
00.000000463200 400.00000
00.000000463600 400.00000
00.000000464000 420.00000
00.000000464400 420.00000
00.000000464800 420.00000
00.000000465200 400.00000
00.000000465600 400.00000
00.000000466000 400.00000
00.000000466400 380.00000
00.000000466800 400.00000
00.000000467200 400.00000
00.000000467600 400.00000
00.000000468000 420.00000
00.000000468400 420.00000
00.000000468800 420.00000
00.000000469200 420.00000
00.000000469600 420.00000
00.000000470000 400.00000
00.000000470400 400.00000
00.000000470800 400.00000
00.000000471200 400.00000
00.000000471600 400.00000
00.000000472000 400.00000
00.000000472400 400.00000
00.000000472800 400.00000
00.000000473200 400.00000
00.000000473600 400.00000
00.000000474000 400.00000
00.000000474400 400.00000
00.000000474800 400.00000
00.000000475200 400.00000
00.000000475600 400.00000
00.000000476000 400.00000
00.000000476400 400.00000
00.000000476800 420.00000
00.000000477200 420.00000
00.000000477600 420.00000
00.000000478000 400.00000
00.000000478400 400.00000
00.000000478800 400.00000
00.000000479200 400.00000
00.000000479600 400.00000
00.000000480000 400.00000
00.000000480400 400.00000
00.000000480800 400.00000
00.000000481200 400.00000
00.000000481600 400.00000
00.000000482000 420.00000
00.000000482400 420.00000
00.000000482800 420.00000
00.000000483200 400.00000
00.000000483600 400.00000
00.000000484000 380.00000
00.000000484400 360.00000
00.000000484800 360.00000
00.000000485200 360.00000
00.000000485600 360.00000
00.000000486000 380.00000
00.000000486400 400.00000
00.000000486800 420.00000
00.000000487200 400.00000
00.000000487600 400.00000
00.000000488000 400.00000
00.000000488400 400.00000
00.000000488800 400.00000
00.000000489200 400.00000
00.000000489600 400.00000
00.000000490000 380.00000
00.000000490400 380.00000
00.000000490800 380.00000
00.000000491200 380.00000
00.000000491600 380.00000
00.000000492000 380.00000
00.000000492400 380.00000
00.000000492800 380.00000
00.000000493200 380.00000
00.000000493600 380.00000
00.000000494000 380.00000
00.000000494400 380.00000
00.000000494800 380.00000
00.000000495200 360.00000
00.000000495600 380.00000
00.000000496000 380.00000
00.000000496400 380.00000
00.000000496800 400.00000
00.000000497200 380.00000
00.000000497600 380.00000
00.000000498000 380.00000
00.000000498400 380.00000
00.000000498800 400.00000
00.000000499200 380.00000
00.000000499600 360.00000
00.000000500000 360.00000
00.000000500400 360.00000
00.000000500800 380.00000
00.000000501200 400.00000
00.000000501600 400.00000
00.000000502000 420.00000
00.000000502400 400.00000
00.000000502800 400.00000
00.000000503200 400.00000
00.000000503600 400.00000
00.000000504000 400.00000
00.000000504400 400.00000
00.000000504800 400.00000
00.000000505200 380.00000
00.000000505600 380.00000
00.000000506000 380.00000
00.000000506400 380.00000
00.000000506800 400.00000
00.000000507200 380.00000
00.000000507600 380.00000
00.000000508000 380.00000
00.000000508400 380.00000
00.000000508800 400.00000
00.000000509200 380.00000
00.000000509600 380.00000
00.000000510000 380.00000
00.000000510400 380.00000
00.000000510800 380.00000
00.000000511200 380.00000
00.000000511600 380.00000
00.000000512000 360.00000
00.000000512400 360.00000
00.000000512800 360.00000
00.000000513200 340.00000
00.000000513600 340.00000
00.000000514000 340.00000
00.000000514400 340.00000
00.000000514800 360.00000
00.000000515200 360.00000
00.000000515600 360.00000
00.000000516000 380.00000
00.000000516400 380.00000
00.000000516800 380.00000
00.000000517200 360.00000
00.000000517600 360.00000
00.000000518000 360.00000
00.000000518400 340.00000
00.000000518800 360.00000
00.000000519200 360.00000
00.000000519600 360.00000
00.000000520000 380.00000
00.000000520400 380.00000
00.000000520800 400.00000
00.000000521200 400.00000
00.000000521600 400.00000
00.000000522000 400.00000
00.000000522400 400.00000
00.000000522800 400.00000
00.000000523200 380.00000
00.000000523600 380.00000
00.000000524000 380.00000
00.000000524400 380.00000
00.000000524800 380.00000
00.000000525200 380.00000
00.000000525600 380.00000
00.000000526000 380.00000
00.000000526400 380.00000
00.000000526800 380.00000
00.000000527200 380.00000
00.000000527600 380.00000
00.000000528000 380.00000
00.000000528400 380.00000
00.000000528800 380.00000
00.000000529200 380.00000
00.000000529600 380.00000
00.000000530000 360.00000
00.000000530400 360.00000
00.000000530800 360.00000
00.000000531200 360.00000
00.000000531600 360.00000
00.000000532000 360.00000
00.000000532400 360.00000
00.000000532800 360.00000
00.000000533200 360.00000
00.000000533600 360.00000
00.000000534000 360.00000
00.000000534400 360.00000
00.000000534800 360.00000
00.000000535200 360.00000
00.000000535600 360.00000
00.000000536000 360.00000
00.000000536400 360.00000
00.000000536800 360.00000
00.000000537200 360.00000
00.000000537600 360.00000
00.000000538000 380.00000
00.000000538400 380.00000
00.000000538800 380.00000
00.000000539200 380.00000
00.000000539600 380.00000
00.000000540000 360.00000
00.000000540400 360.00000
00.000000540800 360.00000
00.000000541200 340.00000
00.000000541600 360.00000
00.000000542000 360.00000
00.000000542400 360.00000
00.000000542800 380.00000
00.000000543200 360.00000
00.000000543600 360.00000
00.000000544000 340.00000
00.000000544400 340.00000
00.000000544800 340.00000
00.000000545200 340.00000
00.000000545600 340.00000
00.000000546000 360.00000
00.000000546400 360.00000
00.000000546800 360.00000
00.000000547200 340.00000
00.000000547600 340.00000
00.000000548000 340.00000
00.000000548400 320.00000
00.000000548800 340.00000
00.000000549200 340.00000
00.000000549600 340.00000
00.000000550000 360.00000
00.000000550400 360.00000
00.000000550800 360.00000
00.000000551200 360.00000
00.000000551600 360.00000
00.000000552000 360.00000
00.000000552400 360.00000
00.000000552800 360.00000
00.000000553200 360.00000
00.000000553600 360.00000
00.000000554000 380.00000
00.000000554400 360.00000
00.000000554800 360.00000
00.000000555200 340.00000
00.000000555600 340.00000
00.000000556000 340.00000
00.000000556400 340.00000
00.000000556800 360.00000
00.000000557200 360.00000
00.000000557600 360.00000
00.000000558000 360.00000
00.000000558400 360.00000
00.000000558800 360.00000
00.000000559200 340.00000
00.000000559600 340.00000
00.000000560000 340.00000
00.000000560400 340.00000
00.000000560800 360.00000
00.000000561200 360.00000
00.000000561600 360.00000
00.000000562000 380.00000
00.000000562400 380.00000
00.000000562800 380.00000
00.000000563200 360.00000
00.000000563600 360.00000
00.000000564000 340.00000
00.000000564400 340.00000
00.000000564800 340.00000
00.000000565200 320.00000
00.000000565600 340.00000
00.000000566000 340.00000
00.000000566400 340.00000
00.000000566800 360.00000
00.000000567200 360.00000
00.000000567600 360.00000
00.000000568000 360.00000
00.000000568400 360.00000
00.000000568800 380.00000
00.000000569200 380.00000
00.000000569600 380.00000
00.000000570000 360.00000
00.000000570400 360.00000
00.000000570800 360.00000
00.000000571200 340.00000
00.000000571600 360.00000
00.000000572000 360.00000
00.000000572400 360.00000
00.000000572800 380.00000
00.000000573200 360.00000
00.000000573600 360.00000
00.000000574000 340.00000
00.000000574400 340.00000
00.000000574800 340.00000
00.000000575200 340.00000
00.000000575600 340.00000
00.000000576000 360.00000
00.000000576400 360.00000
00.000000576800 360.00000
00.000000577200 360.00000
00.000000577600 360.00000
00.000000578000 340.00000
00.000000578400 340.00000
00.000000578800 340.00000
00.000000579200 320.00000
00.000000579600 320.00000
00.000000580000 320.00000
00.000000580400 340.00000
00.000000580800 360.00000
00.000000581200 360.00000
00.000000581600 360.00000
00.000000582000 340.00000
00.000000582400 340.00000
00.000000582800 340.00000
00.000000583200 320.00000
00.000000583600 340.00000
00.000000584000 340.00000
00.000000584400 340.00000
00.000000584800 360.00000
00.000000585200 360.00000
00.000000585600 360.00000
00.000000586000 340.00000
00.000000586400 340.00000
00.000000586800 340.00000
00.000000587200 320.00000
00.000000587600 320.00000
00.000000588000 320.00000
00.000000588400 320.00000
00.000000588800 340.00000
00.000000589200 340.00000
00.000000589600 340.00000
00.000000590000 340.00000
00.000000590400 340.00000
00.000000590800 340.00000
00.000000591200 340.00000
00.000000591600 340.00000
00.000000592000 360.00000
00.000000592400 360.00000
00.000000592800 360.00000
00.000000593200 340.00000
00.000000593600 340.00000
00.000000594000 340.00000
00.000000594400 340.00000
00.000000594800 360.00000
00.000000595200 340.00000
00.000000595600 340.00000
00.000000596000 320.00000
00.000000596400 320.00000
00.000000596800 320.00000
00.000000597200 320.00000
00.000000597600 320.00000
00.000000598000 320.00000
00.000000598400 320.00000
00.000000598800 320.00000
00.000000599200 300.00000
00.000000599600 320.00000
00.000000600000 320.00000
00.000000600400 320.00000
00.000000600800 340.00000
00.000000601200 340.00000
00.000000601600 340.00000
00.000000602000 320.00000
00.000000602400 320.00000
00.000000602800 320.00000
00.000000603200 320.00000
00.000000603600 320.00000
00.000000604000 340.00000
00.000000604400 340.00000
00.000000604800 340.00000
00.000000605200 340.00000
00.000000605600 340.00000
00.000000606000 320.00000
00.000000606400 320.00000
00.000000606800 320.00000
00.000000607200 320.00000
00.000000607600 320.00000
00.000000608000 320.00000
00.000000608400 320.00000
00.000000608800 320.00000
00.000000609200 320.00000
00.000000609600 320.00000
00.000000610000 340.00000
00.000000610400 340.00000
00.000000610800 340.00000
00.000000611200 320.00000
00.000000611600 320.00000
00.000000612000 320.00000
00.000000612400 300.00000
00.000000612800 320.00000
00.000000613200 320.00000
00.000000613600 320.00000
00.000000614000 340.00000
00.000000614400 340.00000
00.000000614800 340.00000
00.000000615200 340.00000
00.000000615600 340.00000
00.000000616000 340.00000
00.000000616400 340.00000
00.000000616800 340.00000
00.000000617200 320.00000
00.000000617600 320.00000
00.000000618000 320.00000
00.000000618400 300.00000
00.000000618800 320.00000
00.000000619200 320.00000
00.000000619600 320.00000
00.000000620000 320.00000
00.000000620400 320.00000
00.000000620800 320.00000
00.000000621200 320.00000
00.000000621600 320.00000
00.000000622000 320.00000
00.000000622400 320.00000
00.000000622800 320.00000
00.000000623200 320.00000
00.000000623600 320.00000
00.000000624000 320.00000
00.000000624400 320.00000
00.000000624800 340.00000
00.000000625200 340.00000
00.000000625600 340.00000
00.000000626000 320.00000
00.000000626400 320.00000
00.000000626800 320.00000
00.000000627200 320.00000
00.000000627600 320.00000
00.000000628000 320.00000
00.000000628400 320.00000
00.000000628800 320.00000
00.000000629200 300.00000
00.000000629600 300.00000
00.000000630000 300.00000
00.000000630400 300.00000
00.000000630800 320.00000
00.000000631200 320.00000
00.000000631600 320.00000
00.000000632000 320.00000
00.000000632400 320.00000
00.000000632800 340.00000
00.000000633200 340.00000
00.000000633600 340.00000
00.000000634000 340.00000
00.000000634400 340.00000
00.000000634800 340.00000
00.000000635200 320.00000
00.000000635600 320.00000
00.000000636000 300.00000
00.000000636400 300.00000
00.000000636800 300.00000
00.000000637200 300.00000
00.000000637600 300.00000
00.000000638000 320.00000
00.000000638400 320.00000
00.000000638800 320.00000
00.000000639200 320.00000
00.000000639600 320.00000
00.000000640000 320.00000
00.000000640400 320.00000
00.000000640800 320.00000
00.000000641200 320.00000
00.000000641600 320.00000
00.000000642000 320.00000
00.000000642400 320.00000
00.000000642800 340.00000
00.000000643200 320.00000
00.000000643600 320.00000
00.000000644000 320.00000
00.000000644400 320.00000
00.000000644800 320.00000
00.000000645200 320.00000
00.000000645600 320.00000
00.000000646000 320.00000
00.000000646400 320.00000
00.000000646800 320.00000
00.000000647200 300.00000
00.000000647600 300.00000
00.000000648000 300.00000
00.000000648400 300.00000
00.000000648800 320.00000
00.000000649200 300.00000
00.000000649600 300.00000
00.000000650000 300.00000
00.000000650400 300.00000
00.000000650800 300.00000
00.000000651200 280.00000
00.000000651600 300.00000
00.000000652000 300.00000
00.000000652400 320.00000
00.000000652800 340.00000
00.000000653200 320.00000
00.000000653600 320.00000
00.000000654000 300.00000
00.000000654400 300.00000
00.000000654800 300.00000
00.000000655200 300.00000
00.000000655600 300.00000
00.000000656000 300.00000
00.000000656400 300.00000
00.000000656800 300.00000
00.000000657200 300.00000
00.000000657600 300.00000
00.000000658000 300.00000
00.000000658400 300.00000
00.000000658800 300.00000
00.000000659200 280.00000
00.000000659600 300.00000
00.000000660000 300.00000
00.000000660400 300.00000
00.000000660800 320.00000
00.000000661200 320.00000
00.000000661600 320.00000
00.000000662000 300.00000
00.000000662400 300.00000
00.000000662800 300.00000
00.000000663200 300.00000
00.000000663600 300.00000
00.000000664000 300.00000
00.000000664400 300.00000
00.000000664800 300.00000
00.000000665200 300.00000
00.000000665600 300.00000
00.000000666000 300.00000
00.000000666400 300.00000
00.000000666800 320.00000
00.000000667200 320.00000
00.000000667600 320.00000
00.000000668000 300.00000
00.000000668400 300.00000
00.000000668800 300.00000
00.000000669200 300.00000
00.000000669600 300.00000
00.000000670000 300.00000
00.000000670400 300.00000
00.000000670800 300.00000
00.000000671200 300.00000
00.000000671600 300.00000
00.000000672000 300.00000
00.000000672400 300.00000
00.000000672800 300.00000
00.000000673200 300.00000
00.000000673600 300.00000
00.000000674000 300.00000
00.000000674400 300.00000
00.000000674800 300.00000
00.000000675200 300.00000
00.000000675600 300.00000
00.000000676000 300.00000
00.000000676400 300.00000
00.000000676800 300.00000
00.000000677200 300.00000
00.000000677600 300.00000
00.000000678000 280.00000
00.000000678400 280.00000
00.000000678800 280.00000
00.000000679200 280.00000
00.000000679600 280.00000
00.000000680000 300.00000
00.000000680400 300.00000
00.000000680800 320.00000
00.000000681200 300.00000
00.000000681600 280.00000
00.000000682000 260.00000
00.000000682400 260.00000
00.000000682800 280.00000
00.000000683200 280.00000
00.000000683600 280.00000
00.000000684000 300.00000
00.000000684400 320.00000
00.000000684800 340.00000
00.000000685200 320.00000
00.000000685600 320.00000
00.000000686000 300.00000
00.000000686400 300.00000
00.000000686800 300.00000
00.000000687200 300.00000
00.000000687600 300.00000
00.000000688000 300.00000
00.000000688400 300.00000
00.000000688800 300.00000
00.000000689200 280.00000
00.000000689600 280.00000
00.000000690000 280.00000
00.000000690400 260.00000
00.000000690800 280.00000
00.000000691200 280.00000
00.000000691600 280.00000
00.000000692000 280.00000
00.000000692400 280.00000
00.000000692800 280.00000
00.000000693200 280.00000
00.000000693600 280.00000
00.000000694000 300.00000
00.000000694400 300.00000
00.000000694800 300.00000
00.000000695200 280.00000
00.000000695600 280.00000
00.000000696000 280.00000
00.000000696400 280.00000
00.000000696800 280.00000
00.000000697200 280.00000
00.000000697600 280.00000
00.000000698000 280.00000
00.000000698400 280.00000
00.000000698800 300.00000
00.000000699200 300.00000
00.000000699600 300.00000
00.000000700000 280.00000
00.000000700400 280.00000
00.000000700800 280.00000
00.000000701200 280.00000
00.000000701600 280.00000
00.000000702000 280.00000
00.000000702400 280.00000
00.000000702800 280.00000
00.000000703200 280.00000
00.000000703600 280.00000
00.000000704000 300.00000
00.000000704400 300.00000
00.000000704800 300.00000
00.000000705200 280.00000
00.000000705600 280.00000
00.000000706000 260.00000
00.000000706400 260.00000
00.000000706800 260.00000
00.000000707200 240.00000
00.000000707600 240.00000
00.000000708000 260.00000
00.000000708400 280.00000
00.000000708800 300.00000
00.000000709200 300.00000
00.000000709600 300.00000
00.000000710000 300.00000
00.000000710400 300.00000
00.000000710800 300.00000
00.000000711200 300.00000
00.000000711600 300.00000
00.000000712000 280.00000
00.000000712400 280.00000
00.000000712800 280.00000
00.000000713200 260.00000
00.000000713600 280.00000
00.000000714000 280.00000
00.000000714400 280.00000
00.000000714800 300.00000
00.000000715200 280.00000
00.000000715600 280.00000
00.000000716000 280.00000
00.000000716400 260.00000
00.000000716800 280.00000
00.000000717200 280.00000
00.000000717600 280.00000
00.000000718000 300.00000
00.000000718400 300.00000
00.000000718800 300.00000
00.000000719200 280.00000
00.000000719600 280.00000
00.000000720000 280.00000
00.000000720400 260.00000
00.000000720800 280.00000
00.000000721200 280.00000
00.000000721600 280.00000
00.000000722000 280.00000
00.000000722400 280.00000
00.000000722800 280.00000
00.000000723200 280.00000
00.000000723600 280.00000
00.000000724000 280.00000
00.000000724400 280.00000
00.000000724800 280.00000
00.000000725200 280.00000
00.000000725600 280.00000
00.000000726000 300.00000
00.000000726400 280.00000
00.000000726800 280.00000
00.000000727200 260.00000
00.000000727600 260.00000
00.000000728000 260.00000
00.000000728400 240.00000
00.000000728800 260.00000
00.000000729200 260.00000
00.000000729600 260.00000
00.000000730000 280.00000
00.000000730400 280.00000
00.000000730800 280.00000
00.000000731200 280.00000
00.000000731600 280.00000
00.000000732000 280.00000
00.000000732400 280.00000
00.000000732800 300.00000
00.000000733200 280.00000
00.000000733600 280.00000
00.000000734000 260.00000
00.000000734400 260.00000
00.000000734800 260.00000
00.000000735200 260.00000
00.000000735600 260.00000
00.000000736000 280.00000
00.000000736400 280.00000
00.000000736800 300.00000
00.000000737200 300.00000
00.000000737600 300.00000
00.000000738000 280.00000
00.000000738400 280.00000
00.000000738800 280.00000
00.000000739200 280.00000
00.000000739600 280.00000
00.000000740000 280.00000
00.000000740400 280.00000
00.000000740800 280.00000
00.000000741200 260.00000
00.000000741600 260.00000
00.000000742000 260.00000
00.000000742400 240.00000
00.000000742800 260.00000
00.000000743200 260.00000
00.000000743600 260.00000
00.000000744000 280.00000
00.000000744400 280.00000
00.000000744800 280.00000
00.000000745200 260.00000
00.000000745600 260.00000
00.000000746000 260.00000
00.000000746400 240.00000
00.000000746800 260.00000
00.000000747200 260.00000
00.000000747600 260.00000
00.000000748000 260.00000
00.000000748400 260.00000
00.000000748800 260.00000
00.000000749200 240.00000
00.000000749600 260.00000
00.000000750000 260.00000
00.000000750400 260.00000
00.000000750800 280.00000
00.000000751200 280.00000
00.000000751600 300.00000
00.000000752000 300.00000
00.000000752400 280.00000
00.000000752800 280.00000
00.000000753200 260.00000
00.000000753600 260.00000
00.000000754000 260.00000
00.000000754400 260.00000
00.000000754800 280.00000
00.000000755200 260.00000
00.000000755600 260.00000
00.000000756000 260.00000
00.000000756400 260.00000
00.000000756800 280.00000
00.000000757200 280.00000
00.000000757600 280.00000
00.000000758000 260.00000
00.000000758400 260.00000
00.000000758800 260.00000
00.000000759200 240.00000
00.000000759600 260.00000
00.000000760000 260.00000
00.000000760400 260.00000
00.000000760800 280.00000
00.000000761200 280.00000
00.000000761600 280.00000
00.000000762000 260.00000
00.000000762400 260.00000
00.000000762800 260.00000
00.000000763200 240.00000
00.000000763600 240.00000
00.000000764000 240.00000
00.000000764400 240.00000
00.000000764800 260.00000
00.000000765200 260.00000
00.000000765600 260.00000
00.000000766000 280.00000
00.000000766400 280.00000
00.000000766800 280.00000
00.000000767200 280.00000
00.000000767600 280.00000
00.000000768000 260.00000
00.000000768400 260.00000
00.000000768800 260.00000
00.000000769200 260.00000
00.000000769600 260.00000
00.000000770000 280.00000
00.000000770400 280.00000
00.000000770800 280.00000
00.000000771200 260.00000
00.000000771600 260.00000
00.000000772000 260.00000
00.000000772400 260.00000
00.000000772800 260.00000
00.000000773200 260.00000
00.000000773600 260.00000
00.000000774000 260.00000
00.000000774400 260.00000
00.000000774800 260.00000
00.000000775200 260.00000
00.000000775600 260.00000
00.000000776000 260.00000
00.000000776400 260.00000
00.000000776800 260.00000
00.000000777200 260.00000
00.000000777600 260.00000
00.000000778000 260.00000
00.000000778400 240.00000
00.000000778800 260.00000
00.000000779200 280.00000
00.000000779600 280.00000
00.000000780000 280.00000
00.000000780400 280.00000
00.000000780800 260.00000
00.000000781200 240.00000
00.000000781600 240.00000
00.000000782000 240.00000
00.000000782400 240.00000
00.000000782800 260.00000
00.000000783200 260.00000
00.000000783600 260.00000
00.000000784000 260.00000
00.000000784400 260.00000
00.000000784800 280.00000
00.000000785200 280.00000
00.000000785600 280.00000
00.000000786000 260.00000
00.000000786400 260.00000
00.000000786800 260.00000
00.000000787200 240.00000
00.000000787600 240.00000
00.000000788000 240.00000
00.000000788400 220.00000
00.000000788800 240.00000
00.000000789200 240.00000
00.000000789600 240.00000
00.000000790000 260.00000
00.000000790400 260.00000
00.000000790800 260.00000
00.000000791200 240.00000
00.000000791600 240.00000
00.000000792000 240.00000
00.000000792400 240.00000
00.000000792800 260.00000
00.000000793200 260.00000
00.000000793600 280.00000
00.000000794000 280.00000
00.000000794400 260.00000
00.000000794800 260.00000
00.000000795200 240.00000
00.000000795600 240.00000
00.000000796000 240.00000
00.000000796400 240.00000
00.000000796800 240.00000
00.000000797200 240.00000
00.000000797600 240.00000
00.000000798000 240.00000
00.000000798400 240.00000
00.000000798800 260.00000
00.000000799200 260.00000
00.000000799600 260.00000
00.000000800000 260.00000
00.000000800400 260.00000
00.000000800800 260.00000
00.000000801200 260.00000
00.000000801600 260.00000
00.000000802000 240.00000
00.000000802400 240.00000
00.000000802800 240.00000
00.000000803200 240.00000
00.000000803600 240.00000
00.000000804000 240.00000
00.000000804400 240.00000
00.000000804800 240.00000
00.000000805200 240.00000
00.000000805600 240.00000
00.000000806000 240.00000
00.000000806400 240.00000
00.000000806800 260.00000
00.000000807200 260.00000
00.000000807600 260.00000
00.000000808000 240.00000
00.000000808400 240.00000
00.000000808800 240.00000
00.000000809200 240.00000
00.000000809600 240.00000
00.000000810000 240.00000
00.000000810400 240.00000
00.000000810800 240.00000
00.000000811200 240.00000
00.000000811600 240.00000
00.000000812000 260.00000
00.000000812400 260.00000
00.000000812800 260.00000
00.000000813200 240.00000
00.000000813600 240.00000
00.000000814000 240.00000
00.000000814400 240.00000
00.000000814800 260.00000
00.000000815200 260.00000
00.000000815600 260.00000
00.000000816000 260.00000
00.000000816400 260.00000
00.000000816800 280.00000
00.000000817200 280.00000
00.000000817600 280.00000
00.000000818000 260.00000
00.000000818400 260.00000
00.000000818800 260.00000
00.000000819200 240.00000
00.000000819600 240.00000
00.000000820000 240.00000
00.000000820400 240.00000
00.000000820800 240.00000
00.000000821200 220.00000
00.000000821600 220.00000
00.000000822000 220.00000
00.000000822400 200.00000
00.000000822800 220.00000
00.000000823200 220.00000
00.000000823600 220.00000
00.000000824000 240.00000
00.000000824400 240.00000
00.000000824800 240.00000
00.000000825200 220.00000
00.000000825600 220.00000
00.000000826000 200.00000
00.000000826400 200.00000
00.000000826800 220.00000
00.000000827200 220.00000
00.000000827600 240.00000
00.000000828000 260.00000
00.000000828400 260.00000
00.000000828800 260.00000
00.000000829200 240.00000
00.000000829600 240.00000
00.000000830000 240.00000
00.000000830400 240.00000
00.000000830800 260.00000
00.000000831200 240.00000
00.000000831600 240.00000
00.000000832000 240.00000
00.000000832400 240.00000
00.000000832800 260.00000
00.000000833200 260.00000
00.000000833600 260.00000
00.000000834000 240.00000
00.000000834400 240.00000
00.000000834800 240.00000
00.000000835200 240.00000
00.000000835600 240.00000
00.000000836000 240.00000
00.000000836400 240.00000
00.000000836800 240.00000
00.000000837200 240.00000
00.000000837600 240.00000
00.000000838000 240.00000
00.000000838400 240.00000
00.000000838800 260.00000
00.000000839200 260.00000
00.000000839600 260.00000
00.000000840000 240.00000
00.000000840400 240.00000
00.000000840800 240.00000
00.000000841200 240.00000
00.000000841600 240.00000
00.000000842000 240.00000
00.000000842400 240.00000
00.000000842800 240.00000
00.000000843200 240.00000
00.000000843600 240.00000
00.000000844000 240.00000
00.000000844400 240.00000
00.000000844800 240.00000
00.000000845200 240.00000
00.000000845600 240.00000
00.000000846000 220.00000
00.000000846400 220.00000
00.000000846800 220.00000
00.000000847200 220.00000
00.000000847600 220.00000
00.000000848000 240.00000
00.000000848400 240.00000
00.000000848800 240.00000
00.000000849200 240.00000
00.000000849600 240.00000
00.000000850000 240.00000
00.000000850400 240.00000
00.000000850800 260.00000
00.000000851200 260.00000
00.000000851600 260.00000
00.000000852000 240.00000
00.000000852400 240.00000
00.000000852800 240.00000
00.000000853200 240.00000
00.000000853600 240.00000
00.000000854000 220.00000
00.000000854400 220.00000
00.000000854800 220.00000
00.000000855200 200.00000
00.000000855600 200.00000
00.000000856000 220.00000
00.000000856400 240.00000
00.000000856800 260.00000
00.000000857200 260.00000
00.000000857600 260.00000
00.000000858000 240.00000
00.000000858400 220.00000
00.000000858800 220.00000
00.000000859200 220.00000
00.000000859600 220.00000
00.000000860000 240.00000
00.000000860400 240.00000
00.000000860800 260.00000
00.000000861200 240.00000
00.000000861600 240.00000
00.000000862000 220.00000
00.000000862400 220.00000
00.000000862800 220.00000
00.000000863200 200.00000
00.000000863600 220.00000
00.000000864000 220.00000
00.000000864400 220.00000
00.000000864800 240.00000
00.000000865200 240.00000
00.000000865600 240.00000
00.000000866000 220.00000
00.000000866400 220.00000
00.000000866800 220.00000
00.000000867200 220.00000
00.000000867600 220.00000
00.000000868000 220.00000
00.000000868400 220.00000
00.000000868800 220.00000
00.000000869200 220.00000
00.000000869600 220.00000
00.000000870000 240.00000
00.000000870400 240.00000
00.000000870800 240.00000
00.000000871200 240.00000
00.000000871600 240.00000
00.000000872000 240.00000
00.000000872400 240.00000
00.000000872800 240.00000
00.000000873200 240.00000
00.000000873600 240.00000
00.000000874000 240.00000
00.000000874400 240.00000
00.000000874800 240.00000
00.000000875200 240.00000
00.000000875600 240.00000
00.000000876000 240.00000
00.000000876400 240.00000
00.000000876800 240.00000
00.000000877200 240.00000
00.000000877600 240.00000
00.000000878000 260.00000
00.000000878400 260.00000
00.000000878800 260.00000
00.000000879200 240.00000
00.000000879600 240.00000
00.000000880000 220.00000
00.000000880400 220.00000
00.000000880800 220.00000
00.000000881200 220.00000
00.000000881600 220.00000
00.000000882000 240.00000
00.000000882400 240.00000
00.000000882800 260.00000
00.000000883200 260.00000
00.000000883600 260.00000
00.000000884000 240.00000
00.000000884400 240.00000
00.000000884800 240.00000
00.000000885200 240.00000
00.000000885600 240.00000
00.000000886000 220.00000
00.000000886400 220.00000
00.000000886800 220.00000
00.000000887200 220.00000
00.000000887600 220.00000
00.000000888000 220.00000
00.000000888400 220.00000
00.000000888800 220.00000
00.000000889200 220.00000
00.000000889600 220.00000
00.000000890000 220.00000
00.000000890400 220.00000
00.000000890800 220.00000
00.000000891200 200.00000
00.000000891600 220.00000
00.000000892000 220.00000
00.000000892400 220.00000
00.000000892800 240.00000
00.000000893200 220.00000
00.000000893600 220.00000
00.000000894000 220.00000
00.000000894400 200.00000
00.000000894800 220.00000
00.000000895200 220.00000
00.000000895600 220.00000
00.000000896000 240.00000
00.000000896400 240.00000
00.000000896800 240.00000
00.000000897200 240.00000
00.000000897600 240.00000
00.000000898000 240.00000
00.000000898400 240.00000
00.000000898800 240.00000
00.000000899200 220.00000
00.000000899600 220.00000
00.000000900000 220.00000
00.000000900400 220.00000
00.000000900800 220.00000
00.000000901200 220.00000
00.000000901600 220.00000
00.000000902000 220.00000
00.000000902400 220.00000
00.000000902800 220.00000
00.000000903200 220.00000
00.000000903600 220.00000
00.000000904000 220.00000
00.000000904400 220.00000
00.000000904800 220.00000
00.000000905200 220.00000
00.000000905600 220.00000
00.000000906000 200.00000
00.000000906400 200.00000
00.000000906800 200.00000
00.000000907200 200.00000
00.000000907600 200.00000
00.000000908000 200.00000
00.000000908400 200.00000
00.000000908800 200.00000
00.000000909200 200.00000
00.000000909600 200.00000
00.000000910000 220.00000
00.000000910400 220.00000
00.000000910800 220.00000
00.000000911200 220.00000
00.000000911600 220.00000
00.000000912000 220.00000
00.000000912400 220.00000
00.000000912800 240.00000
00.000000913200 220.00000
00.000000913600 220.00000
00.000000914000 200.00000
00.000000914400 200.00000
00.000000914800 200.00000
00.000000915200 200.00000
00.000000915600 200.00000
00.000000916000 220.00000
00.000000916400 240.00000
00.000000916800 260.00000
00.000000917200 240.00000
00.000000917600 240.00000
00.000000918000 220.00000
00.000000918400 220.00000
00.000000918800 220.00000
00.000000919200 220.00000
00.000000919600 220.00000
00.000000920000 220.00000
00.000000920400 220.00000
00.000000920800 220.00000
00.000000921200 220.00000
00.000000921600 220.00000
00.000000922000 220.00000
00.000000922400 220.00000
00.000000922800 220.00000
00.000000923200 220.00000
00.000000923600 220.00000
00.000000924000 220.00000
00.000000924400 220.00000
00.000000924800 220.00000
00.000000925200 220.00000
00.000000925600 220.00000
00.000000926000 220.00000
00.000000926400 220.00000
00.000000926800 220.00000
00.000000927200 200.00000
00.000000927600 200.00000
00.000000928000 200.00000
00.000000928400 200.00000
00.000000928800 220.00000
00.000000929200 220.00000
00.000000929600 220.00000
00.000000930000 200.00000
00.000000930400 200.00000
00.000000930800 200.00000
00.000000931200 200.00000
00.000000931600 200.00