97656.25000  -2.18970
102539.06250  -0.58970
107421.87500  -0.98970
92773.43750 -11.78970
112304.68750  -4.98970
117187.50000 -24.58970
122070.31250 -38.98970
87890.62500  -33.38970
126953.12500 -45.78970
131835.93750 -52.98970
136718.75000 -60.58970
141601.56250 -54.98970
146484.37500 -66.98970
151367.18750 -55.38970
156250.00000 -58.58970
161132.81250 -57.38970
166015.62500 -60.58970
170898.43750 -57.78970
175781.25000 -58.58970
180664.06250 -60.58970
185546.87500 -61.38970
190429.68750 -66.98970
195312.50000 -66.98970
200195.31250 -54.58970
205078.12500 -52.58970
209960.93750 -53.38970
214843.75000 -57.38970
219726.56250 -66.98970
224609.37500 -66.98970
229492.18750 -64.58970
234375.00000 -60.58970
239257.81250 -61.38970
244140.62500 -60.58970
249023.43750 -61.38970
253906.25000 -61.38970
258789.06250 -57.78970
263671.87500 -60.58970
268554.68750 -66.98970
273437.50000 -60.58970
278320.31250 -60.58970
283203.12500 -64.58970
288085.93750 -55.38970
292968.75000 -47.38970
297851.56250 -38.58970
302734.37500 -15.38970
307617.18750 -10.58970
312500.00000 -10.18970
317382.81250 -11.38970
322265.62500 -20.18970
327148.43750 -44.18970
332031.25000 -51.38970
336914.06250 -66.98970
341796.87500 -60.58970
346679.68750 -66.98970
351562.50000 -66.98970
356445.31250 -66.98970
361328.12500 -60.58970
366210.93750 -60.58970
371093.75000 -60.58970
375976.56250 -58.58970
380859.37500 -58.58970
385742.18750 -66.98970
390625.00000 -66.98970
395507.81250 -61.38970
400390.62500 -60.58970
405273.43750 -57.78970
410156.25000 -53.38970
415039.06250 -51.78970
419921.87500 -51.78970
424804.68750 -54.98970
429687.50000 -60.58970
434570.31250 -61.38970
439453.12500 -55.38970
444335.93750 -55.38970
449218.75000 -57.78970
454101.56250 -64.58970
458984.37500 -64.58970
463867.18750 -58.58970
468750.00000 -66.98970
473632.81250 -60.58970
478515.62500 -57.38970
483398.43750 -54.58970
488281.25000 -57.78970
493164.06250 -51.38970
498046.87500 -61.38970
502929.68750 -43.38970
507812.50000 -27.78970
512695.31250 -16.58970
517578.12500 -14.98970
522460.93750 -14.98970
527343.75000 -18.58970
532226.56250 -36.18970
537109.37500 -52.58970
541992.18750 -54.98970
546875.00000 -61.38970
551757.81250 -64.58970
556640.62500 -66.98970
561523.43750 -64.58970
566406.25000 -64.58970
571289.06250 -60.58970
576171.87500 -66.98970
581054.68750 -66.98970
585937.50000 -60.58970
590820.31250 -64.58970
595703.12500 -64.58970
600585.93750 -61.38970
605468.75000 -64.58970
610351.56250 -60.58970
615234.37500 -52.18970
620117.18750 -52.18970
625000.00000 -54.98970
629882.81250 -56.18970
634765.62500 -66.98970
639648.43750 -66.98970
644531.25000 -64.58970
649414.06250 -66.98970
654296.87500 -66.98970
659179.68750 -64.58970
664062.50000 -66.98970
668945.31250 -66.98970
673828.12500 -61.38970
678710.93750 -66.98970
683593.75000 -66.98970
688476.56250 -66.98970
693359.37500 -60.58970
698242.18750 -66.98970
703125.00000 -52.18970
708007.81250 -52.58970
712890.62500 -43.38970
717773.43750 -23.78970
722656.25000 -18.58970
727539.06250 -18.58970
732421.87500 -19.38970
737304.68750 -27.78970
742187.50000 -54.58970
747070.31250 -60.58970
751953.12500 -57.38970
756835.93750 -57.78970
761718.75000 -60.58970
766601.56250 -57.78970
771484.37500 -60.58970
776367.18750 -60.58970
781250.00000 -60.58970
786132.81250 -57.38970
791015.62500 -57.78970
795898.43750 -61.38970
800781.25000 -66.98970
805664.06250 -64.58970
810546.87500 -60.58970
815429.68750 -60.58970
820312.50000 -57.38970
825195.31250 -51.78970
830078.12500 -51.78970
834960.93750 -53.38970
839843.75000 -60.58970
844726.56250 -64.58970
849609.37500 -64.58970
854492.18750 -66.98970
859375.00000 -64.58970
864257.81250 -66.98970
869140.62500 -64.58970
874023.43750 -61.38970
878906.25000 -61.38970
883789.06250 -66.98970
888671.87500 -66.98970
893554.68750 -60.58970
898437.50000 -66.98970
903320.31250 -57.38970
908203.12500 -54.98970
913085.93750 -51.78970
917968.75000 -57.78970
922851.56250 -33.78970
927734.37500 -22.98970
932617.18750 -20.98970
937500.00000 -20.98970
942382.81250 -24.18970
947265.62500 -40.18970
952148.43750 -56.18970
957031.25000 -57.38970
961914.06250 -56.18970
966796.87500 -56.18970
971679.68750 -54.98970
976562.50000 -57.78970
981445.31250 -64.58970
986328.12500 -64.58970
991210.93750 -61.38970
996093.75000 -66.98970
1000976.5625 -66.98970
1005859.3750 -66.98970
1010742.1875 -64.58970
1015625.0000 -60.58970
1020507.8125 -61.38970
1025390.6250 -61.38970
1030273.4375 -54.58970
1035156.2500 -52.18970
1040039.0625 -50.18970
1044921.8750 -52.58970
1049804.6875 -61.38970
1054687.5000 -56.18970
1059570.3125 -54.58970
1064453.1250 -54.58970
1069335.9375 -56.18970
1074218.7500 -64.58970
1079101.5625 -66.98970
1083984.3750 -66.98970
1088867.1875 -66.98970
1093750.0000 -64.58970
1098632.8125 -60.58970
1103515.6250 -57.78970
1108398.4375 -57.38970
1113281.2500 -56.18970
1118164.0625 -60.58970
1123046.8750 -60.58970
1127929.6875 -53.38970
1132812.5000 -28.58970
1137695.3125 -23.38970
1142578.1250 -22.98970
1147460.9375 -23.78970
1152343.7500 -30.98970
1157226.5625 -64.58970
1162109.3750 -64.58970
1166992.1875 -61.38970
1171875.0000 -58.58970
1176757.8125 -64.58970
1181640.6250 -64.58970
1186523.4375 -64.58970
1191406.2500 -66.98970
1196289.0625 -66.98970
1201171.8750 -64.58970
1206054.6875 -57.38970
1210937.5000 -54.98970
1215820.3125 -57.78970
1220703.1250 -60.58970
1225585.9375 -60.58970
1230468.7500 -64.58970
1235351.5625 -57.78970
1240234.3750 -55.38970
1245117.1875 -55.38970
1250000.0000 -53.38970
1254882.8125 -61.38970
1259765.6250 -66.98970
1264648.4375 -61.38970
1269531.2500 -66.98970
1274414.0625 -64.58970
1279296.8750 -61.38970
1284179.6875 -60.58970
1289062.5000 -60.58970
1293945.3125 -61.38970
1298828.1250 -61.38970
1303710.9375 -64.58970
1308593.7500 -57.38970
1313476.5625 -58.58970
1318359.3750 -57.38970
1323242.1875 -61.38970
1328125.0000 -57.78970
1333007.8125 -52.98970
1337890.6250 -39.78970
1342773.4375 -26.58970
1347656.2500 -24.58970
1352539.0625 -24.58970
1357421.8750 -27.38970
1362304.6875 -42.58970
1367187.5000 -58.58970
1372070.3125 -64.58970
1376953.1250 -55.38970
1381835.9375 -54.98970
1386718.7500 -54.98970
1391601.5625 -60.58970
1396484.3750 -66.98970
1401367.1875 -61.38970
1406250.0000 -61.38970
1411132.8125 -57.78970
1416015.6250 -55.38970
1420898.4375 -57.38970
1425781.2500 -64.58970
1430664.0625 -64.58970
1435546.8750 -57.38970
1440429.6875 -55.38970
1445312.5000 -57.38970
1450195.3125 -54.58970
1455078.1250 -56.18970
1459960.9375 -54.58970
1464843.7500 -66.98970
1469726.5625 -60.58970
1474609.3750 -66.98970
1479492.1875 -66.98970
1484375.0000 -57.78970
1489257.8125 -60.58970
1494140.6250 -61.38970
1499023.4375 -60.58970
1503906.2500 -66.98970
1508789.0625 -66.98970
1513671.8750 -66.98970
1518554.6875 -64.58970
1523437.5000 -60.58970
1528320.3125 -60.58970
1533203.1250 -66.98970
1538085.9375 -66.98970
1542968.7500 -64.58970
1547851.5625 -32.58970
1552734.3750 -26.18970
1557617.1875 -25.78970
1562500.0000 -26.18970
1567382.8125 -33.38970
1572265.6250 -66.98970
1577148.4375 -66.98970
1582031.2500 -60.58970
1586914.0625 -56.18970
1591796.8750 -64.58970
1596679.6875 -60.58970
1601562.5000 -66.98970
1606445.3125 -64.58970
1611328.1250 -66.98970
1616210.9375 -57.38970
1621093.7500 -61.38970
1625976.5625 -61.38970
1630859.3750 -64.58970
1635742.1875 -66.98970
1640625.0000 -60.58970
1645507.8125 -64.58970
1650390.6250 -57.38970
1655273.4375 -54.58970
1660156.2500 -54.58970
1665039.0625 -54.98970
1669921.8750 -66.98970
1674804.6875 -64.58970
1679687.5000 -64.58970
1684570.3125 -66.98970
1689453.1250 -66.98970
1694335.9375 -66.98970
1699218.7500 -64.58970
1704101.5625 -66.98970
1708984.3750 -66.98970
1713867.1875 -61.38970
1718750.0000 -57.78970
1723632.8125 -57.38970
1728515.6250 -60.58970
1733398.4375 -61.38970
1738281.2500 -60.58970
1743164.0625 -61.38970
1748046.8750 -56.18970
1752929.6875 -43.38970
1757812.5000 -29.78970
1762695.3125 -27.38970
1767578.1250 -27.38970
1772460.9375 -29.78970
1777343.7500 -44.98970
1782226.5625 -58.58970
1787109.3750 -66.98970
1791992.1875 -57.38970
1796875.0000 -57.78970
1801757.8125 -53.38970
1806640.6250 -54.98970
1811523.4375 -66.98970
1816406.2500 -66.98970
1821289.0625 -66.98970
1826171.8750 -61.38970
1831054.6875 -60.58970
1835937.5000 -57.38970
1840820.3125 -60.58970
1845703.1250 -66.98970
1850585.9375 -61.38970
1855468.7500 -61.38970
1860351.5625 -56.18970
1865234.3750 -51.38970
1870117.1875 -52.58970
1875000.0000 -54.98970
1879882.8125 -66.98970
1884765.6250 -64.58970
1889648.4375 -64.58970
1894531.2500 -60.58970
1899414.0625 -57.38970
1904296.8750 -57.38970
1909179.6875 -61.38970
1914062.5000 -55.38970
1918945.3125 -55.38970
1923828.1250 -56.18970
1928710.9375 -60.58970
1933593.7500 -66.98970
1938476.5625 -64.58970
1943359.3750 -66.98970
1948242.1875 -66.98970
1953125.0000 -66.98970
1958007.8125 -64.58970
1962890.6250 -35.78970
1967773.4375 -28.98970
1972656.2500 -28.58970
1977539.0625 -28.98970
1982421.8750 -35.38970
1987304.6875 -64.58970
1992187.5000 -56.18970
1997070.3125 -50.98970
2001953.1250 -50.98970
2006835.9375 -51.38970
2011718.7500 -52.18970
2016601.5625 -56.18970
2021484.3750 -57.38970
2026367.1875 -54.98970
2031250.0000 -60.58970
2036132.8125 -61.38970
2041015.6250 -66.98970
2045898.4375 -66.98970
2050781.2500 -66.98970
2055664.0625 -57.78970
2060546.8750 -56.18970
2065429.6875 -60.58970
2070312.5000 -56.18970
2075195.3125 -53.38970
2080078.1250 -54.98970
2084960.9375 -66.98970
2089843.7500 -61.38970
2094726.5625 -57.38970
2099609.3750 -57.78970
2104492.1875 -57.38970
2109375.0000 -64.58970
2114257.8125 -61.38970
2119140.6250 -57.38970
2124023.4375 -60.58970
2128906.2500 -64.58970
2133789.0625 -66.98970
2138671.8750 -66.98970
2143554.6875 -66.98970
2148437.5000 -61.38970
2153320.3125 -55.38970
2158203.1250 -66.98970
2163085.9375 -64.58970
2167968.7500 -47.38970
2172851.5625 -32.58970
2177734.3750 -29.78970
2182617.1875 -29.78970
2187500.0000 -31.78970
2192382.8125 -44.18970
2197265.6250 -57.78970
2202148.4375 -66.98970
2207031.2500 -54.98970
2211914.0625 -54.98970
2216796.8750 -54.98970
2221679.6875 -57.38970
2226562.5000 -66.98970
2231445.3125 -66.98970
2236328.1250 -66.98970
2241210.9375 -64.58970
2246093.7500 -64.58970
2250976.5625 -64.58970
2255859.3750 -66.98970
2260742.1875 -66.98970
2265625.0000 -66.98970
2270507.8125 -64.58970
2275390.6250 -55.38970
2280273.4375 -51.78970
2285156.2500 -51.78970
2290039.0625 -53.38970
2294921.8750 -60.58970
2299804.6875 -61.38970
2304687.5000 -57.78970
2309570.3125 -55.38970
2314453.1250 -60.58970
2319335.9375 -64.58970
2324218.7500 -66.98970
2329101.5625 -60.58970
2333984.3750 -60.58970
2338867.1875 -64.58970
2343750.0000 -66.98970
2348632.8125 -60.58970
2353515.6250 -60.58970
2358398.4375 -64.58970
2363281.2500 -66.98970
2368164.0625 -66.98970
2373046.8750 -61.38970
2377929.6875 -39.78970
2382812.5000 -31.78970
2387695.3125 -30.98970
2392578.1250 -31.38970
2397460.9375 -36.98970
2402343.7500 -64.58970
2407226.5625 -61.38970
2412109.3750 -57.38970
2416992.1875 -54.58970
2421875.0000 -60.58970
2426757.8125 -60.58970
2431640.6250 -64.58970
2436523.4375 -61.38970
2441406.2500 -66.98970
2446289.0625 -66.98970
2451171.8750 -64.58970
2456054.6875 -58.58970
2460937.5000 -64.58970
2465820.3125 -66.98970
2470703.1250 -64.58970
2475585.9375 -66.98970
2480468.7500 -57.38970
2485351.5625 -54.98970
2490234.3750 -52.98970
2495117.1875 -52.98970
2500000.0000 -53.38970
2504882.8125 -56.18970
2509765.6250 -57.38970
2514648.4375 -54.58970
2519531.2500 -51.38970
2524414.0625 -52.98970
2529296.8750 -50.58970
2534179.6875 -54.98970
2539062.5000 -60.58970
2543945.3125 -66.98970
2548828.1250 -66.98970
2553710.9375 -66.98970
2558593.7500 -58.58970
2563476.5625 -56.18970
2568359.3750 -60.58970
2573242.1875 -60.58970
2578125.0000 -61.38970
2583007.8125 -51.38970
2587890.6250 -35.38970
2592773.4375 -31.78970
2597656.2500 -31.78970
2602539.0625 -33.38970
2607421.8750 -44.58970
2612304.6875 -64.58970
2617187.5000 -66.98970
2622070.3125 -54.98970
2626953.1250 -51.38970
2631835.9375 -51.38970
2636718.7500 -54.58970
2641601.5625 -61.38970
2646484.3750 -66.98970
2651367.1875 -66.98970
2656250.0000 -64.58970
2661132.8125 -66.98970
2666015.6250 -64.58970
2670898.4375 -66.98970
2675781.2500 -66.98970
2680664.0625 -66.98970
2685546.8750 -66.98970
2690429.6875 -56.18970
2695312.5000 -51.38970
2700195.3125 -53.38970
2705078.1250 -56.18970
2709960.9375 -66.98970
2714843.7500 -64.58970
2719726.5625 -60.58970
2724609.3750 -53.38970
2729492.1875 -51.78970
2734375.0000 -51.78970
2739257.8125 -57.38970
2744140.6250 -64.58970
2749023.4375 -66.98970
2753906.2500 -60.58970
2758789.0625 -57.38970
2763671.8750 -58.58970
2768554.6875 -60.58970
2773437.5000 -61.38970
2778320.3125 -61.38970
2783203.1250 -66.98970
2788085.9375 -66.98970
2792968.7500 -41.38970
2797851.5625 -32.98970
2802734.3750 -32.18970
2807617.1875 -32.58970
2812500.0000 -37.78970
2817382.8125 -64.58970
2822265.6250 -64.58970
2827148.4375 -53.38970
2832031.2500 -49.38970
2836914.0625 -49.78970
2841796.8750 -52.18970
2846679.6875 -66.98970
2851562.5000 -60.58970
2856445.3125 -61.38970
2861328.1250 -60.58970
2866210.9375 -60.58970
2871093.7500 -60.58970
2875976.5625 -60.58970
2880859.3750 -61.38970
2885742.1875 -64.58970
2890625.0000 -57.38970
2895507.8125 -61.38970
2900390.6250 -60.58970
2905273.4375 -57.38970
2910156.2500 -56.18970
2915039.0625 -61.38970
2919921.8750 -54.98970
2924804.6875 -54.58970
2929687.5000 -58.58970
2934570.3125 -66.98970
2939453.1250 -61.38970
2944335.9375 -60.58970
2949218.7500 -60.58970
2954101.5625 -66.98970
2958984.3750 -66.98970
2963867.1875 -66.98970
2968750.0000 -66.98970
2973632.8125 -64.58970
2978515.6250 -60.58970
2983398.4375 -60.58970
2988281.2500 -64.58970
2993164.0625 -61.38970
2998046.8750 -54.98970
3002929.6875 -36.98970
3007812.5000 -33.78970
3012695.3125 -33.38970
3017578.1250 -34.58970
3022460.9375 -46.98970
3027343.7500 -56.18970
3032226.5625 -54.98970
3037109.3750 -48.98970
3041992.1875 -49.38970
3046875.0000 -50.18970
3051757.8125 -53.38970
3056640.6250 -66.98970
3061523.4375 -66.98970
3066406.2500 -64.58970
3071289.0625 -66.98970
3076171.8750 -60.58970
3081054.6875 -60.58970
3085937.5000 -61.38970
3090820.3125 -60.58970
3095703.1250 -57.38970
3100585.9375 -60.58970
3105468.7500 -61.38970
3110351.5625 -56.18970
3115234.3750 -53.38970
3120117.1875 -56.18970
3125000.0000 -61.38970
3129882.8125 -66.98970
3134765.6250 -64.58970
3139648.4375 -60.58970
3144531.2500 -60.58970
3149414.0625 -60.58970
3154296.8750 -60.58970
3159179.6875 -66.98970
3164062.5000 -66.98970
3168945.3125 -64.58970
3173828.1250 -66.98970
3178710.9375 -66.98970
3183593.7500 -66.98970
3188476.5625 -64.58970
3193359.3750 -66.98970
3198242.1875 -61.38970
3203125.0000 -57.78970
3208007.8125 -45.78970
3212890.6250 -35.38970
3217773.4375 -34.18970
3222656.2500 -34.18970
3227539.0625 -38.18970
3232421.8750 -54.58970
3237304.6875 -60.58970
3242187.5000 -51.78970
3247070.3125 -47.78970
3251953.1250 -46.98970
3256835.9375 -47.78970
3261718.7500 -55.38970
3266601.5625 -64.58970
3271484.3750 -60.58970
3276367.1875 -66.98970
3281250.0000 -64.58970
3286132.8125 -66.98970
3291015.6250 -60.58970
3295898.4375 -66.98970
3300781.2500 -66.98970
3305664.0625 -64.58970
3310546.8750 -64.58970
3315429.6875 -57.38970
3320312.5000 -57.38970
3325195.3125 -60.58970
3330078.1250 -64.58970
3334960.9375 -66.98970
3339843.7500 -66.98970
3344726.5625 -66.98970
3349609.3750 -58.58970
3354492.1875 -58.58970
3359375.0000 -60.58970
3364257.8125 -61.38970
3369140.6250 -60.58970
3374023.4375 -66.98970
3378906.2500 -64.58970
3383789.0625 -66.98970
3388671.8750 -60.58970
3393554.6875 -61.38970
3398437.5000 -60.58970
3403320.3125 -64.58970
3408203.1250 -60.58970
3413085.9375 -66.98970
3417968.7500 -39.38970
3422851.5625 -34.98970
3427734.3750 -34.58970
3432617.1875 -36.18970
3437500.0000 -44.98970
3442382.8125 -66.98970
3447265.6250 -54.58970
3452148.4375 -46.98970
3457031.2500 -44.98970
3461914.0625 -44.98970
3466796.8750 -48.98970
3471679.6875 -61.38970
3476562.5000 -66.98970
3481445.3125 -66.98970
3486328.1250 -64.58970
3491210.9375 -66.98970
3496093.7500 -66.98970
3500976.5625 -66.98970
3505859.3750 -66.98970
3510742.1875 -66.98970
3515625.0000 -66.98970
3520507.8125 -64.58970
3525390.6250 -60.58970
3530273.4375 -58.58970
3535156.2500 -56.18970
3540039.0625 -61.38970
3544921.8750 -66.98970
3549804.6875 -64.58970
3554687.5000 -58.58970
3559570.3125 -54.98970
3564453.1250 -54.98970
3569335.9375 -54.98970
3574218.7500 -57.78970
3579101.5625 -57.78970
3583984.3750 -57.38970
3588867.1875 -60.58970
3593750.0000 -66.98970
3598632.8125 -64.58970
3603515.6250 -60.58970
3608398.4375 -57.78970
3613281.2500 -60.58970
3618164.0625 -57.38970
3623046.8750 -48.98970
3627929.6875 -37.38970
3632812.5000 -36.18970
3637695.3125 -35.78970
3642578.1250 -39.78970
3647460.9375 -54.98970
3652343.7500 -60.58970
3657226.5625 -50.58970
3662109.3750 -45.78970
3666992.1875 -46.18970
3671875.0000 -48.58970
3676757.8125 -56.18970
3681640.6250 -66.98970
3686523.4375 -66.98970
3691406.2500 -66.98970
3696289.0625 -64.58970
3701171.8750 -64.58970
3706054.6875 -64.58970
3710937.5000 -64.58970
3715820.3125 -61.38970
3720703.1250 -57.78970
3725585.9375 -57.38970
3730468.7500 -51.78970
3735351.5625 -51.78970
3740234.3750 -54.58970
3745117.1875 -54.98970
3750000.0000 -60.58970
3754882.8125 -66.98970
3759765.6250 -58.58970
3764648.4375 -57.38970
3769531.2500 -57.78970
3774414.0625 -64.58970
3779296.8750 -61.38970
3784179.6875 -60.58970
3789062.5000 -60.58970
3793945.3125 -66.98970
3798828.1250 -61.38970
3803710.9375 -60.58970
3808593.7500 -64.58970
3813476.5625 -66.98970
3818359.3750 -66.98970
3823242.1875 -66.98970
3828125.0000 -66.98970
3833007.8125 -42.18970
3837890.6250 -36.98970
3842773.4375 -36.98970
3847656.2500 -37.78970
3852539.0625 -46.58970
3857421.8750 -61.38970
3862304.6875 -57.38970
3867187.5000 -48.58970
3872070.3125 -47.78970
3876953.1250 -47.78970
3881835.9375 -52.98970
3886718.7500 -64.58970
3891601.5625 -64.58970
3896484.3750 -61.38970
3901367.1875 -64.58970
3906250.0000 -66.98970
3911132.8125 -64.58970
3916015.6250 -66.98970
3920898.4375 -66.98970
3925781.2500 -66.98970
3930664.0625 -64.58970
3935546.8750 -60.58970
3940429.6875 -57.38970
3945312.5000 -54.98970
3950195.3125 -55.38970
3955078.1250 -60.58970
3959960.9375 -66.98970
3964843.7500 -61.38970
3969726.5625 -60.58970
3974609.3750 -60.58970
3979492.1875 -64.58970
3984375.0000 -58.58970
3989257.8125 -61.38970
3994140.6250 -66.98970
3999023.4375 -60.58970
4003906.2500 -64.58970
4008789.0625 -66.98970
4013671.8750 -66.98970
4018554.6875 -66.98970
4023437.5000 -66.98970
4028320.3125 -64.58970
4033203.1250 -64.58970
4038085.9375 -48.18970
4042968.7500 -38.58970
4047851.5625 -37.38970
4052734.3750 -37.78970
4057617.1875 -40.98970
4062500.0000 -56.18970
4067382.8125 -64.58970
4072265.6250 -48.98970
4077148.4375 -44.98970
4082031.2500 -44.98970
4086914.0625 -45.78970
4091796.8750 -54.98970
4096679.6875 -66.98970
4101562.5000 -64.58970
4106445.3125 -60.58970
4111328.1250 -57.78970
4116210.9375 -60.58970
4121093.7500 -66.98970
4125976.5625 -61.38970
4130859.3750 -61.38970
4135742.1875 -60.58970
4140625.0000 -60.58970
4145507.8125 -66.98970
4150390.6250 -60.58970
4155273.4375 -60.58970
4160156.2500 -64.58970
4165039.0625 -66.98970
4169921.8750 -64.58970
4174804.6875 -60.58970
4179687.5000 -58.58970
4184570.3125 -58.58970
4189453.1250 -60.58970
4194335.9375 -60.58970
4199218.7500 -60.58970
4204101.5625 -61.38970
4208984.3750 -61.38970
4213867.1875 -64.58970
4218750.0000 -64.58970
4223632.8125 -66.98970
4228515.6250 -66.98970
4233398.4375 -60.58970
4238281.2500 -60.58970
4243164.0625 -66.98970
4248046.8750 -44.98970
4252929.6875 -38.58970
4257812.5000 -38.18970
4262695.3125 -38.98970
4267578.1250 -47.38970
4272460.9375 -66.98970
4277343.7500 -57.38970
4282226.5625 -46.98970
4287109.3750 -44.98970
4291992.1875 -45.38970
4296875.0000 -48.18970
4301757.8125 -66.98970
4306640.6250 -56.18970
4311523.4375 -58.58970
4316406.2500 -56.18970
4321289.0625 -56.18970
4326171.8750 -66.98970
4331054.6875 -66.98970
4335937.5000 -61.38970
4340820.3125 -66.98970
4345703.1250 -61.38970
4350585.9375 -60.58970
4355468.7500 -60.58970
4360351.5625 -56.18970
4365234.3750 -55.38970
4370117.1875 -66.98970
4375000.0000 -66.98970
4379882.8125 -66.98970
4384765.6250 -61.38970
4389648.4375 -54.98970
4394531.2500 -57.78970
4399414.0625 -55.38970
4404296.8750 -60.58970
4409179.6875 -66.98970
4414062.5000 -64.58970
4418945.3125 -66.98970
4423828.1250 -66.98970
4428710.9375 -60.58970
4433593.7500 -64.58970
4438476.5625 -60.58970
4443359.3750 -66.98970
4448242.1875 -60.58970
4453125.0000 -51.78970
4458007.8125 -40.58970
4462890.6250 -38.98970
4467773.4375 -39.38970
4472656.2500 -42.58970
4477539.0625 -61.38970
4482421.8750 -66.98970
4487304.6875 -50.98970
4492187.5000 -44.18970
4497070.3125 -43.78970
4501953.1250 -45.38970
4506835.9375 -53.38970
4511718.7500 -64.58970
4516601.5625 -64.58970
4521484.3750 -66.98970
4526367.1875 -61.38970
4531250.0000 -57.38970
4536132.8125 -60.58970
4541015.6250 -66.98970
4545898.4375 -66.98970
4550781.2500 -61.38970
4555664.0625 -66.98970
4560546.8750 -60.58970
4565429.6875 -54.98970
4570312.5000 -54.58970
4575195.3125 -57.78970
4580078.1250 -66.98970
4584960.9375 -64.58970
4589843.7500 -66.98970
4594726.5625 -66.98970
4599609.3750 -61.38970
4604492.1875 -60.58970
4609375.0000 -61.38970
4614257.8125 -66.98970
4619140.6250 -64.58970
4624023.4375 -66.98970
4628906.2500 -66.98970
4633789.0625 -64.58970
4638671.8750 -64.58970
4643554.6875 -66.98970
4648437.5000 -60.58970
4653320.3125 -66.98970
4658203.1250 -61.38970
4663085.9375 -46.18970
4667968.7500 -40.58970
4672851.5625 -40.98970
4677734.3750 -41.78970
4682617.1875 -49.38970
4687500.0000 -56.18970
4692382.8125 -57.78970
4697265.6250 -43.38970
4702148.4375 -41.78970
4707031.2500 -42.18970
4711914.0625 -44.98970
4716796.8750 -57.78970
4721679.6875 -60.58970
4726562.5000 -56.18970
4731445.3125 -64.58970
4736328.1250 -66.98970
4741210.9375 -58.58970
4746093.7500 -60.58970
4750976.5625 -64.58970
4755859.3750 -64.58970
4760742.1875 -61.38970
4765625.0000 -60.58970
4770507.8125 -58.58970
4775390.6250 -57.38970
4780273.4375 -57.78970
4785156.2500 -57.78970
4790039.0625 -64.58970
4794921.8750 -64.58970
4799804.6875 -61.38970
4804687.5000 -58.58970
4809570.3125 -56.18970
4814453.1250 -53.38970
4819335.9375 -57.38970
4824218.7500 -61.38970
4829101.5625 -64.58970
4833984.3750 -66.98970
4838867.1875 -64.58970
4843750.0000 -57.78970
4848632.8125 -57.78970
4853515.6250 -57.38970
4858398.4375 -61.38970
4863281.2500 -64.58970
4868164.0625 -57.38970
4873046.8750 -43.78970
4877929.6875 -40.98970
4882812.5000 -40.58970
4887695.3125 -43.38970
4892578.1250 -55.38970
4897460.9375 -64.58970
4902343.7500 -50.18970
4907226.5625 -42.58970
4912109.3750 -41.38970
4916992.1875 -42.58970
4921875.0000 -48.98970
4926757.8125 -66.98970
4931640.6250 -64.58970
4936523.4375 -60.58970
4941406.2500 -64.58970
4946289.0625 -66.98970
4951171.8750 -60.58970
4956054.6875 -60.58970
4960937.5000 -64.58970
4965820.3125 -66.98970
4970703.1250 -66.98970
4975585.9375 -57.38970
4980468.7500 -54.98970
4985351.5625 -57.38970
4990234.3750 -64.58970
4995117.1875 -66.9897