-00.00000096200 -144.00000
-00.00000096000 -142.00000
-00.00000095800 -144.00000
-00.00000095600 -142.00000
-00.00000095400 -144.00000
-00.00000095200 -144.00000
-00.00000095000 -144.00000
-00.00000094800 -146.00000
-00.00000094600 -142.00000
-00.00000094400 -142.00000
-00.00000094200 -144.00000
-00.00000094000 -144.00000
-00.00000093800 -144.00000
-00.00000093600 -142.00000
-00.00000093400 -144.00000
-00.00000093200 -144.00000
-00.00000093000 -144.00000
-00.00000092800 -142.00000
-00.00000092600 -142.00000
-00.00000092400 -144.00000
-00.00000092200 -144.00000
-00.00000092000 -142.00000
-00.00000091800 -144.00000
-00.00000091600 -144.00000
-00.00000091400 -144.00000
-00.00000091200 -142.00000
-00.00000091000 -140.00000
-00.00000090800 -140.00000
-00.00000090600 -140.00000
-00.00000090400 -144.00000
-00.00000090200 -144.00000
-00.00000090000 -144.00000
-00.00000089800 -144.00000
-00.00000089600 -142.00000
-00.00000089400 -142.00000
-00.00000089200 -144.00000
-00.00000089000 -144.00000
-00.00000088800 -142.00000
-00.00000088600 -144.00000
-00.00000088400 -142.00000
-00.00000088200 -144.00000
-00.00000088000 -142.00000
-00.00000087800 -142.00000
-00.00000087600 -144.00000
-00.00000087400 -142.00000
-00.00000087200 -144.00000
-00.00000087000 -146.00000
-00.00000086800 -146.00000
-00.00000086600 -144.00000
-00.00000086400 -146.00000
-00.00000086200 -142.00000
-00.00000086000 -144.00000
-00.00000085800 -142.00000
-00.00000085600 -144.00000
-00.00000085400 -146.00000
-00.00000085200 -144.00000
-00.00000085000 -144.00000
-00.00000084800 -146.00000
-00.00000084600 -144.00000
-00.00000084400 -146.00000
-00.00000084200 -144.00000
-00.00000084000 -140.00000
-00.00000083800 -142.00000
-00.00000083600 -144.00000
-00.00000083400 -144.00000
-00.00000083200 -146.00000
-00.00000083000 -144.00000
-00.00000082800 -144.00000
-00.00000082600 -144.00000
-00.00000082400 -144.00000
-00.00000082200 -146.00000
-00.00000082000 -146.00000
-00.00000081800 -144.00000
-00.00000081600 -144.00000
-00.00000081400 -144.00000
-00.00000081200 -144.00000
-00.00000081000 -144.00000
-00.00000080800 -146.00000
-00.00000080600 -144.00000
-00.00000080400 -144.00000
-00.00000080200 -142.00000
-00.00000080000 -144.00000
-00.00000079800 -144.00000
-00.00000079600 -144.00000
-00.00000079400 -146.00000
-00.00000079200 -144.00000
-00.00000079000 -140.00000
-00.00000078800 -144.00000
-00.00000078600 -144.00000
-00.00000078400 -142.00000
-00.00000078200 -144.00000
-00.00000078000 -142.00000
-00.00000077800 -142.00000
-00.00000077600 -140.00000
-00.00000077400 -142.00000
-00.00000077200 -144.00000
-00.00000077000 -146.00000
-00.00000076800 -146.00000
-00.00000076600 -148.00000
-00.00000076400 -144.00000
-00.00000076200 -144.00000
-00.00000076000 -144.00000
-00.00000075800 -144.00000
-00.00000075600 -144.00000
-00.00000075400 -142.00000
-00.00000075200 -146.00000
-00.00000075000 -146.00000
-00.00000074800 -142.00000
-00.00000074600 -142.00000
-00.00000074400 -144.00000
-00.00000074200 -144.00000
-00.00000074000 -144.00000
-00.00000073800 -142.00000
-00.00000073600 -144.00000
-00.00000073400 -144.00000
-00.00000073200 -144.00000
-00.00000073000 -142.00000
-00.00000072800 -144.00000
-00.00000072600 -146.00000
-00.00000072400 -144.00000
-00.00000072200 -142.00000
-00.00000072000 -146.00000
-00.00000071800 -146.00000
-00.00000071600 -146.00000
-00.00000071400 -142.00000
-00.00000071200 -140.00000
-00.00000071000 -144.00000
-00.00000070800 -142.00000
-00.00000070600 -142.00000
-00.00000070400 -144.00000
-00.00000070200 -142.00000
-00.00000070000 -146.00000
-00.00000069800 -144.00000
-00.00000069600 -144.00000
-00.00000069400 -142.00000
-00.00000069200 -144.00000
-00.00000069000 -142.00000
-00.00000068800 -144.00000
-00.00000068600 -144.00000
-00.00000068400 -148.00000
-00.00000068200 -142.00000
-00.00000068000 -142.00000
-00.00000067800 -142.00000
-00.00000067600 -142.00000
-00.00000067400 -144.00000
-00.00000067200 -144.00000
-00.00000067000 -144.00000
-00.00000066800 -144.00000
-00.00000066600 -148.00000
-00.00000066400 -140.00000
-00.00000066200 -144.00000
-00.00000066000 -144.00000
-00.00000065800 -144.00000
-00.00000065600 -144.00000
-00.00000065400 -142.00000
-00.00000065200 -144.00000
-00.00000065000 -146.00000
-00.00000064800 -144.00000
-00.00000064600 -144.00000
-00.00000064400 -146.00000
-00.00000064200 -142.00000
-00.00000064000 -142.00000
-00.00000063800 -144.00000
-00.00000063600 -142.00000
-00.00000063400 -146.00000
-00.00000063200 -144.00000
-00.00000063000 -144.00000
-00.00000062800 -144.00000
-00.00000062600 -142.00000
-00.00000062400 -144.00000
-00.00000062200 -146.00000
-00.00000062000 -144.00000
-00.00000061800 -144.00000
-00.00000061600 -144.00000
-00.00000061400 -142.00000
-00.00000061200 -144.00000
-00.00000061000 -144.00000
-00.00000060800 -144.00000
-00.00000060600 -142.00000
-00.00000060400 -140.00000
-00.00000060200 -144.00000
-00.00000060000 -146.00000
-00.00000059800 -142.00000
-00.00000059600 -144.00000
-00.00000059400 -144.00000
-00.00000059200 -142.00000
-00.00000059000 -142.00000
-00.00000058800 -142.00000
-00.00000058600 -142.00000
-00.00000058400 -144.00000
-00.00000058200 -142.00000
-00.00000058000 -144.00000
-00.00000057800 -142.00000
-00.00000057600 -144.00000
-00.00000057400 -142.00000
-00.00000057200 -142.00000
-00.00000057000 -146.00000
-00.00000056800 -144.00000
-00.00000056600 -138.00000
-00.00000056400 -142.00000
-00.00000056200 -146.00000
-00.00000056000 -144.00000
-00.00000055800 -144.00000
-00.00000055600 -144.00000
-00.00000055400 -146.00000
-00.00000055200 -146.00000
-00.00000055000 -142.00000
-00.00000054800 -144.00000
-00.00000054600 -142.00000
-00.00000054400 -142.00000
-00.00000054200 -144.00000
-00.00000054000 -142.00000
-00.00000053800 -144.00000
-00.00000053600 -144.00000
-00.00000053400 -146.00000
-00.00000053200 -142.00000
-00.00000053000 -142.00000
-00.00000052800 -146.00000
-00.00000052600 -142.00000
-00.00000052400 -140.00000
-00.00000052200 -144.00000
-00.00000052000 -144.00000
-00.00000051800 -146.00000
-00.00000051600 -140.00000
-00.00000051400 -142.00000
-00.00000051200 -144.00000
-00.00000051000 -144.00000
-00.00000050800 -144.00000
-00.00000050600 -146.00000
-00.00000050400 -144.00000
-00.00000050200 -146.00000
-00.00000050000 -144.00000
-00.00000049800 -144.00000
-00.00000049600 -142.00000
-00.00000049400 -142.00000
-00.00000049200 -144.00000
-00.00000049000 -142.00000
-00.00000048800 -144.00000
-00.00000048600 -146.00000
-00.00000048400 -142.00000
-00.00000048200 -144.00000
-00.00000048000 -142.00000
-00.00000047800 -142.00000
-00.00000047600 -144.00000
-00.00000047400 -144.00000
-00.00000047200 -144.00000
-00.00000047000 -144.00000
-00.00000046800 -144.00000
-00.00000046600 -142.00000
-00.00000046400 -140.00000
-00.00000046200 -142.00000
-00.00000046000 -144.00000
-00.00000045800 -144.00000
-00.00000045600 -142.00000
-00.00000045400 -146.00000
-00.00000045200 -148.00000
-00.00000045000 -144.00000
-00.00000044800 -144.00000
-00.00000044600 -146.00000
-00.00000044400 -144.00000
-00.00000044200 -144.00000
-00.00000044000 -144.00000
-00.00000043800 -144.00000
-00.00000043600 -146.00000
-00.00000043400 -142.00000
-00.00000043200 -144.00000
-00.00000043000 -142.00000
-00.00000042800 -142.00000
-00.00000042600 -142.00000
-00.00000042400 -144.00000
-00.00000042200 -144.00000
-00.00000042000 -146.00000
-00.00000041800 -144.00000
-00.00000041600 -144.00000
-00.00000041400 -144.00000
-00.00000041200 -144.00000
-00.00000041000 -144.00000
-00.00000040800 -142.00000
-00.00000040600 -142.00000
-00.00000040400 -142.00000
-00.00000040200 -144.00000
-00.00000040000 -142.00000
-00.00000039800 -144.00000
-00.00000039600 -142.00000
-00.00000039400 -142.00000
-00.00000039200 -144.00000
-00.00000039000 -142.00000
-00.00000038800 -142.00000
-00.00000038600 -144.00000
-00.00000038400 -142.00000
-00.00000038200 -142.00000
-00.00000038000 -142.00000
-00.00000037800 -142.00000
-00.00000037600 -144.00000
-00.00000037400 -144.00000
-00.00000037200 -146.00000
-00.00000037000 -146.00000
-00.00000036800 -144.00000
-00.00000036600 -144.00000
-00.00000036400 -144.00000
-00.00000036200 -142.00000
-00.00000036000 -144.00000
-00.00000035800 -142.00000
-00.00000035600 -146.00000
-00.00000035400 -144.00000
-00.00000035200 -144.00000
-00.00000035000 -144.00000
-00.00000034800 -146.00000
-00.00000034600 -142.00000
-00.00000034400 -144.00000
-00.00000034200 -144.00000
-00.00000034000 -144.00000
-00.00000033800 -144.00000
-00.00000033600 -144.00000
-00.00000033400 -142.00000
-00.00000033200 -142.00000
-00.00000033000 -146.00000
-00.00000032800 -142.00000
-00.00000032600 -144.00000
-00.00000032400 -144.00000
-00.00000032200 -146.00000
-00.00000032000 -146.00000
-00.00000031800 -142.00000
-00.00000031600 -142.00000
-00.00000031400 -144.00000
-00.00000031200 -144.00000
-00.00000031000 -142.00000
-00.00000030800 -144.00000
-00.00000030600 -144.00000
-00.00000030400 -146.00000
-00.00000030200 -144.00000
-00.00000030000 -142.00000
-00.00000029800 -146.00000
-00.00000029600 -142.00000
-00.00000029400 -144.00000
-00.00000029200 -144.00000
-00.00000029000 -142.00000
-00.00000028800 -146.00000
-00.00000028600 -142.00000
-00.00000028400 -142.00000
-00.00000028200 -142.00000
-00.00000028000 -142.00000
-00.00000027800 -142.00000
-00.00000027600 -142.00000
-00.00000027400 -142.00000
-00.00000027200 -144.00000
-00.00000027000 -146.00000
-00.00000026800 -144.00000
-00.00000026600 -144.00000
-00.00000026400 -142.00000
-00.00000026200 -142.00000
-00.00000026000 -142.00000
-00.00000025800 -142.00000
-00.00000025600 -142.00000
-00.00000025400 -146.00000
-00.00000025200 -142.00000
-00.00000025000 -144.00000
-00.00000024800 -144.00000
-00.00000024600 -142.00000
-00.00000024400 -144.00000
-00.00000024200 -142.00000
-00.00000024000 -142.00000
-00.00000023800 -144.00000
-00.00000023600 -142.00000
-00.00000023400 -142.00000
-00.00000023200 -144.00000
-00.00000023000 -142.00000
-00.00000022800 -142.00000
-00.00000022600 -146.00000
-00.00000022400 -144.00000
-00.00000022200 -144.00000
-00.00000022000 -140.00000
-00.00000021800 -142.00000
-00.00000021600 -142.00000
-00.00000021400 -142.00000
-00.00000021200 -144.00000
-00.00000021000 -144.00000
-00.00000020800 -144.00000
-00.00000020600 -146.00000
-00.00000020400 -144.00000
-00.00000020200 -142.00000
-00.00000020000 -144.00000
-00.00000019800 -144.00000
-00.00000019600 -142.00000
-00.00000019400 -144.00000
-00.00000019200 -144.00000
-00.00000019000 -144.00000
-00.00000018800 -146.00000
-00.00000018600 -142.00000
-00.00000018400 -142.00000
-00.00000018200 -142.00000
-00.00000018000 -144.00000
-00.00000017800 -142.00000
-00.00000017600 -144.00000
-00.00000017400 -146.00000
-00.00000017200 -146.00000
-00.00000017000 -142.00000
-00.00000016800 -142.00000
-00.00000016600 -142.00000
-00.00000016400 -142.00000
-00.00000016200 -144.00000
-00.00000016000 -144.00000
-00.00000015800 -144.00000
-00.00000015600 -146.00000
-00.00000015400 -142.00000
-00.00000015200 -142.00000
-00.00000015000 -144.00000
-00.00000014800 -142.00000
-00.00000014600 -144.00000
-00.00000014400 -144.00000
-00.00000014200 -146.00000
-00.00000014000 -144.00000
-00.00000013800 -144.00000
-00.00000013600 -142.00000
-00.00000013400 -142.00000
-00.00000013200 -146.00000
-00.00000013000 -144.00000
-00.00000012800 -144.00000
-00.00000012600 -144.00000
-00.00000012400 -146.00000
-00.00000012200 -144.00000
-00.00000012000 -140.00000
-00.00000011800 -140.00000
-00.00000011600 -146.00000
-00.00000011400 -144.00000
-00.00000011200 -144.00000
-00.00000011000 -144.00000
-00.00000010800 -142.00000
-00.00000010600 -144.00000
-00.00000010400 -140.00000
-00.00000010200 -144.00000
-00.00000010000 -140.00000
-00.00000009800 -144.00000
-00.00000009600 -142.00000
-00.00000009400 -144.00000
-00.00000009200 -142.00000
-00.00000009000 -142.00000
-00.00000008800 -140.00000
-00.00000008600 -142.00000
-00.00000008400 -142.00000
-00.00000008200 -142.00000
-00.00000008000 -142.00000
-00.00000007800 -142.00000
-00.00000007600 -144.00000
-00.00000007400 -144.00000
-00.00000007200 -144.00000
-00.00000007000 -142.00000
-00.00000006800 -144.00000
-00.00000006600 -142.00000
-00.00000006400 -142.00000
-00.00000006200 -144.00000
-00.00000006000 -142.00000
-00.00000005800 -144.00000
-00.00000005600 -144.00000
-00.00000005400 -144.00000
-00.00000005200 -144.00000
-00.00000005000 -144.00000
-00.00000004800 -140.00000
-00.00000004600 -142.00000
-00.00000004400 -144.00000
-00.00000004200 -142.00000
-00.00000004000 -144.00000
-00.00000003800 -142.00000
-00.00000003600 -142.00000
-00.00000003400 -144.00000
-00.00000003200 -142.00000
-00.00000003000 -142.00000
-00.00000002800 -144.00000
-00.00000002600 -140.00000
-00.00000002400 -142.00000
-00.00000002200 -140.00000
-00.00000002000 -136.00000
-00.00000001800 -136.00000
-00.00000001600 -132.00000
-00.00000001400 -130.00000
-00.00000001200 -120.00000
-00.00000001000 -114.00000
-00.00000000800 -110.00000
-00.00000000600 -100.00000
-00.00000000400  -92.00000
-00.00000000200  -82.00000
-00.00000000000  -68.00000
00.000000002000 -58.00000
00.000000004000 -46.00000
00.000000006000 -32.00000
00.000000008000 -20.00000
00.000000010000  -4.00000
00.000000012000   8.00000
00.000000014000  18.00000
00.000000016000  30.00000
00.000000018000  42.00000
00.000000020000  50.00000
00.000000022000  60.00000
00.000000024000  68.00000
00.000000026000  76.00000
00.000000028000  82.00000
00.000000030000  88.00000
00.000000032000  92.00000
00.000000034000 100.00000
00.000000036000 104.00000
00.000000038000 110.00000
00.000000040000 114.00000
00.000000042000 118.00000
00.000000044000 120.00000
00.000000046000 124.00000
00.000000048000 128.00000
00.000000050000 130.00000
00.000000052000 136.00000
00.000000054000 138.00000
00.000000056000 140.00000
00.000000058000 140.00000
00.000000060000 144.00000
00.000000062000 144.00000
00.000000064000 144.00000
00.000000066000 146.00000
00.000000068000 146.00000
00.000000070000 146.00000
00.000000072000 148.00000
00.000000074000 150.00000
00.000000076000 150.00000
00.000000078000 150.00000
00.000000080000 148.00000
00.000000082000 148.00000
00.000000084000 146.00000
00.000000086000 140.00000
00.000000088000 138.00000
00.000000090000 134.00000
00.000000092000 130.00000
00.000000094000 124.00000
00.000000096000 116.00000
00.000000098000 108.00000
00.000000100000  98.00000
00.000000102000  90.00000
00.000000104000  80.00000
00.000000106000  70.00000
00.000000108000  62.00000
00.000000110000  50.00000
00.000000112000  36.00000
00.000000114000  26.00000
00.000000116000  14.00000
00.000000118000   8.00000
00.000000120000  -4.00000
00.000000122000 -14.00000
00.000000124000 -22.00000
00.000000126000 -30.00000
00.000000128000 -38.00000
00.000000130000 -42.00000
00.000000132000 -46.00000
00.000000134000 -54.00000
00.000000136000 -58.00000
00.000000138000 -64.00000
00.000000140000 -66.00000
00.000000142000 -72.00000
00.000000144000 -74.00000
00.000000146000 -80.00000
00.000000148000 -82.00000
00.000000150000 -82.00000
00.000000152000 -86.00000
00.000000154000 -88.00000
00.000000156000 -90.00000
00.000000158000 -92.00000
00.000000160000 -92.00000
00.000000162000 -92.00000
00.000000164000 -92.00000
00.000000166000 -92.00000
00.000000168000 -96.00000
00.000000170000 -96.00000
00.000000172000 -94.00000
00.000000174000 -96.00000
00.000000176000 -92.00000
00.000000178000 -96.00000
00.000000180000 -94.00000
00.000000182000 -94.00000
00.000000184000 -94.00000
00.000000186000 -92.00000
00.000000188000 -92.00000
00.000000190000 -92.00000
00.000000192000 -92.00000
00.000000194000 -92.00000
00.000000196000 -90.00000
00.000000198000 -90.00000
00.000000200000 -88.00000
00.000000202000 -90.00000
00.000000204000 -90.00000
00.000000206000 -92.00000
00.000000208000 -88.00000
00.000000210000 -88.00000
00.000000212000 -86.00000
00.000000214000 -84.00000
00.000000216000 -84.00000
00.000000218000 -86.00000
00.000000220000 -84.00000
00.000000222000 -84.00000
00.000000224000 -84.00000
00.000000226000 -80.00000
00.000000228000 -80.00000
00.000000230000 -82.00000
00.000000232000 -76.00000
00.000000234000 -78.00000
00.000000236000 -78.00000
00.000000238000 -78.00000
00.000000240000 -76.00000
00.000000242000 -76.00000
00.000000244000 -76.00000
00.000000246000 -74.00000
00.000000248000 -72.00000
00.000000250000 -70.00000
00.000000252000 -72.00000
00.000000254000 -72.00000
00.000000256000 -68.00000
00.000000258000 -72.00000
00.000000260000 -68.00000
00.000000262000 -68.00000
00.000000264000 -68.00000
00.000000266000 -68.00000
00.000000268000 -66.00000
00.000000270000 -66.00000
00.000000272000 -68.00000
00.000000274000 -68.00000
00.000000276000 -66.00000
00.000000278000 -62.00000
00.000000280000 -64.00000
00.000000282000 -62.00000
00.000000284000 -60.00000
00.000000286000 -58.00000
00.000000288000 -56.00000
00.000000290000 -58.00000
00.000000292000 -58.00000
00.000000294000 -58.00000
00.000000296000 -56.00000
00.000000298000 -56.00000
00.000000300000 -56.00000
00.000000302000 -54.00000
00.000000304000 -54.00000
00.000000306000 -54.00000
00.000000308000 -54.00000
00.000000310000 -52.00000
00.000000312000 -52.00000
00.000000314000 -50.00000
00.000000316000 -52.00000
00.000000318000 -52.00000
00.000000320000 -52.00000
00.000000322000 -50.00000
00.000000324000 -50.00000
00.000000326000 -48.00000
00.000000328000 -46.00000
00.000000330000 -48.00000
00.000000332000 -46.00000
00.000000334000 -46.00000
00.000000336000 -46.00000
00.000000338000 -46.00000
00.000000340000 -44.00000
00.000000342000 -42.00000
00.000000344000 -40.00000
00.000000346000 -42.00000
00.000000348000 -40.00000
00.000000350000 -40.00000
00.000000352000 -40.00000
00.000000354000 -40.00000
00.000000356000 -40.00000
00.000000358000 -38.00000
00.000000360000 -40.00000
00.000000362000 -36.00000
00.000000364000 -36.00000
00.000000366000 -38.00000
00.000000368000 -38.00000
00.000000370000 -36.00000
00.000000372000 -36.00000
00.000000374000 -32.00000
00.000000376000 -34.00000
00.000000378000 -34.00000
00.000000380000 -32.00000
00.000000382000 -34.00000
00.000000384000 -30.00000
00.000000386000 -30.00000
00.000000388000 -28.00000
00.000000390000 -28.00000
00.000000392000 -28.00000
00.000000394000 -30.00000
00.000000396000 -28.00000
00.000000398000 -26.00000
00.000000400000 -28.00000
00.000000402000 -28.00000
00.000000404000 -26.00000
00.000000406000 -26.00000
00.000000408000 -24.00000
00.000000410000 -24.00000
00.000000412000 -22.00000
00.000000414000 -22.00000
00.000000416000 -22.00000
00.000000418000 -20.00000
00.000000420000 -20.00000
00.000000422000 -20.00000
00.000000424000 -20.00000
00.000000426000 -22.00000
00.000000428000 -18.00000
00.000000430000 -18.00000
00.000000432000 -18.00000
00.000000434000 -18.00000
00.000000436000 -16.00000
00.000000438000 -16.00000
00.000000440000 -12.00000
00.000000442000 -14.00000
00.000000444000 -14.00000
00.000000446000 -12.00000
00.000000448000 -12.00000
00.000000450000 -10.00000
00.000000452000 -12.00000
00.000000454000 -12.00000
00.000000456000 -10.00000
00.000000458000 -10.00000
00.000000460000 -10.00000
00.000000462000  -6.00000
00.000000464000  -8.00000
00.000000466000 -10.00000
00.000000468000 -10.00000
00.000000470000 -10.00000
00.000000472000  -6.00000
00.000000474000  -6.00000
00.000000476000  -6.00000
00.000000478000  -8.00000
00.000000480000  -6.00000
00.000000482000  -6.00000
00.000000484000  -6.00000
00.000000486000  -4.00000
00.000000488000  -2.00000
00.000000490000  -2.00000
00.000000492000  -2.00000
00.000000494000  -4.00000
00.000000496000   0.00000
00.000000498000   2.00000
00.000000500000   0.00000
00.000000502000  -2.00000
00.000000504000   2.00000
00.000000506000   4.00000
00.000000508000   4.00000
00.000000510000   4.00000
00.000000512000   6.00000
00.000000514000   6.00000
00.000000516000   6.00000
00.000000518000   6.00000
00.000000520000   4.00000
00.000000522000   4.00000
00.000000524000   4.00000
00.000000526000   6.00000
00.000000528000   6.00000
00.000000530000   8.00000
00.000000532000   8.00000
00.000000534000   8.00000
00.000000536000  10.00000
00.000000538000  10.00000
00.000000540000  12.00000
00.000000542000  10.00000
00.000000544000  12.00000
00.000000546000  12.00000
00.000000548000  12.00000
00.000000550000  10.00000
00.000000552000  12.00000
00.000000554000  14.00000
00.000000556000  12.00000
00.000000558000  14.00000
00.000000560000  18.00000
00.000000562000  16.00000
00.000000564000  16.00000
00.000000566000  18.00000
00.000000568000  16.00000
00.000000570000  16.00000
00.000000572000  18.00000
00.000000574000  18.00000
00.000000576000  18.00000
00.000000578000  16.00000
00.000000580000  18.00000
00.000000582000  20.00000
00.000000584000  22.00000
00.000000586000  20.00000
00.000000588000  18.00000
00.000000590000  20.00000
00.000000592000  22.00000
00.000000594000  24.00000
00.000000596000  22.00000
00.000000598000  24.00000
00.000000600000  22.00000
00.000000602000  26.00000
00.000000604000  24.00000
00.000000606000  24.00000
00.000000608000  22.00000
00.000000610000  24.00000
00.000000612000  24.00000
00.000000614000  26.00000
00.000000616000  28.00000
00.000000618000  28.00000
00.000000620000  30.00000
00.000000622000  26.00000
00.000000624000  28.00000
00.000000626000  26.00000
00.000000628000  30.00000
00.000000630000  26.00000
00.000000632000  28.00000
00.000000634000  30.00000
00.000000636000  30.00000
00.000000638000  32.00000
00.000000640000  32.00000
00.000000642000  32.00000
00.000000644000  32.00000
00.000000646000  32.00000
00.000000648000  32.00000
00.000000650000  34.00000
00.000000652000  34.00000
00.000000654000  34.00000
00.000000656000  34.00000
00.000000658000  36.00000
00.000000660000  34.00000
00.000000662000  34.00000
00.000000664000  34.00000
00.000000666000  34.00000
00.000000668000  36.00000
00.000000670000  38.00000
00.000000672000  38.00000
00.000000674000  38.00000
00.000000676000  36.00000
00.000000678000  38.00000
00.000000680000  40.00000
00.000000682000  40.00000
00.000000684000  40.00000
00.000000686000  38.00000
00.000000688000  40.00000
00.000000690000  40.00000
00.000000692000  40.00000
00.000000694000  42.00000
00.000000696000  42.00000
00.000000698000  42.00000
00.000000700000  42.00000
00.000000702000  42.00000
00.000000704000  42.00000
00.000000706000  44.00000
00.000000708000  44.00000
00.000000710000  44.00000
00.000000712000  46.00000
00.000000714000  46.00000
00.000000716000  44.00000
00.000000718000  46.00000
00.000000720000  46.00000
00.000000722000  46.00000
00.000000724000  46.00000
00.000000726000  48.00000
00.000000728000  48.00000
00.000000730000  46.00000
00.000000732000  46.00000
00.000000734000  46.00000
00.000000736000  52.00000
00.000000738000  48.00000
00.000000740000  48.00000
00.000000742000  48.00000
00.000000744000  50.00000
00.000000746000  48.00000
00.000000748000  52.00000
00.000000750000  52.00000
00.000000752000  52.00000
00.000000754000  52.00000
00.000000756000  52.00000
00.000000758000  54.00000
00.000000760000  52.00000
00.000000762000  52.00000
00.000000764000  54.00000
00.000000766000  54.00000
00.000000768000  54.00000
00.000000770000  54.00000
00.000000772000  54.00000
00.000000774000  54.00000
00.000000776000  54.00000
00.000000778000  54.00000
00.000000780000  56.00000
00.000000782000  58.00000
00.000000784000  56.00000
00.000000786000  56.00000
00.000000788000  58.00000
00.000000790000  58.00000
00.000000792000  60.00000
00.000000794000  58.00000
00.000000796000  56.00000
00.000000798000  58.00000
00.000000800000  60.00000
00.000000802000  60.00000
00.000000804000  60.00000
00.000000806000  58.00000
00.000000808000  58.00000
00.000000810000  60.00000
00.000000812000  60.00000
00.000000814000  60.00000
00.000000816000  62.00000
00.000000818000  62.00000
00.000000820000  62.00000
00.000000822000  60.00000
00.000000824000  60.00000
00.000000826000  60.00000
00.000000828000  62.00000
00.000000830000  64.00000
00.000000832000  62.00000
00.000000834000  62.00000
00.000000836000  62.00000
00.000000838000  66.00000
00.000000840000  64.00000
00.000000842000  64.00000
00.000000844000  66.00000
00.000000846000  64.00000
00.000000848000  66.00000
00.000000850000  66.00000
00.000000852000  66.00000
00.000000854000  64.00000
00.000000856000  64.00000
00.000000858000  68.00000
00.000000860000  68.00000
00.000000862000  68.00000
00.000000864000  70.00000
00.000000866000  70.00000
00.000000868000  70.00000
00.000000870000  68.00000
00.000000872000  68.00000
00.000000874000  66.00000
00.000000876000  68.00000
00.000000878000  68.00000
00.000000880000  70.00000
00.000000882000  68.00000
00.000000884000  70.00000
00.000000886000  72.00000
00.000000888000  70.00000
00.000000890000  72.00000
00.000000892000  72.00000
00.000000894000  72.00000
00.000000896000  72.00000
00.000000898000  72.00000
00.000000900000  74.00000
00.000000902000  72.00000
00.000000904000  72.00000
00.000000906000  74.00000
00.000000908000  72.00000
00.000000910000  72.00000
00.000000912000  74.00000
00.000000914000  74.00000
00.000000916000  72.00000
00.000000918000  72.00000
00.000000920000  72.00000
00.000000922000  74.00000
00.000000924000  74.00000
00.000000926000  74.00000
00.000000928000  74.00000
00.000000930000  78.00000
00.000000932000  78.00000
00.000000934000  76.00000
00.000000936000  76.00000
00.000000938000  78.00000
00.000000940000  78.00000
00.000000942000  80.00000
00.000000944000  78.00000
00.000000946000  78.00000
00.000000948000  76.00000
00.000000950000  76.00000
00.000000952000  78.00000
00.000000954000  78.00000
00.000000956000  78.00000
00.000000958000  78.00000
00.000000960000  80.00000
00.000000962000  78.00000
00.000000964000  80.00000
00.000000966000  80.00000
00.000000968000  80.00000
00.000000970000  80.00000
00.000000972000  80.00000
00.000000974000  80.00000
00.000000976000  78.00000
00.000000978000  80.00000
00.000000980000  82.00000
00.000000982000  84.00000
00.000000984000  82.00000
00.000000986000  82.00000
00.000000988000  82.00000
00.000000990000  84.00000
00.000000992000  82.00000
00.000000994000  82.00000
00.000000996000  84.00000
00.000000998000  84.00000
00.000001000000  84.00000
00.000001002000  84.00000
00.000001004000  84.00000
00.000001006000  82.00000
00.000001008000  86.00000
00.000001010000  84.00000
00.000001012000  84.00000
00.000001014000  84.00000
00.000001016000  86.00000
00.000001018000  86.00000
00.000001020000  86.00000
00.000001022000  86.00000
00.000001024000  86.00000
00.000001026000  86.00000
00.000001028000  88.00000
00.000001030000  88.00000
00.000001032000  88.00000
00.000001034000  86.00000
00.000001036000  84.00000
00.000001038000  86.00000
00.000001040000  86.00000
00.000001042000  88.00000
00.000001044000  88.00000
00.000001046000  88.00000
00.000001048000  88.00000
00.000001050000  90.00000
00.000001052000  86.00000
00.000001054000  88.00000
00.000001056000  90.00000
00.000001058000  90.00000
00.000001060000  86.00000
00.000001062000  88.00000
00.000001064000  90.00000
00.000001066000  92.00000
00.000001068000  88.00000
00.000001070000  90.00000
00.000001072000  90.00000
00.000001074000  90.00000
00.000001076000  88.00000
00.000001078000  92.00000
00.000001080000  92.00000
00.000001082000  94.00000
00.000001084000  94.00000
00.000001086000  92.00000
00.000001088000  94.00000
00.000001090000  94.00000
00.000001092000  92.00000
00.000001094000  92.00000
00.000001096000  94.00000
00.000001098000  94.00000
00.000001100000  92.00000
00.000001102000  94.00000
00.000001104000  94.00000
00.000001106000  94.00000
00.000001108000  92.00000
00.000001110000  96.00000
00.000001112000  94.00000
00.000001114000  92.00000
00.000001116000  94.00000
00.000001118000  94.00000
00.000001120000  92.00000
00.000001122000  94.00000
00.000001124000  94.00000
00.000001126000  94.00000
00.000001128000  96.00000
00.000001130000  94.00000
00.000001132000  96.00000
00.000001134000  94.00000
00.000001136000  98.00000
00.000001138000  96.00000
00.000001140000  96.00000
00.000001142000  96.00000
00.000001144000  96.00000
00.000001146000  96.00000
00.000001148000  98.00000
00.000001150000  96.00000
00.000001152000  98.00000
00.000001154000  96.00000
00.000001156000  96.00000
00.000001158000  96.00000
00.000001160000  98.00000
00.000001162000  98.00000
00.000001164000  98.00000
00.000001166000  98.00000
00.000001168000  98.00000
00.000001170000  98.00000
00.000001172000  98.00000
00.000001174000 100.00000
00.000001176000  98.00000
00.000001178000 100.00000
00.000001180000 100.00000
00.000001182000 102.00000
00.000001184000 100.00000
00.000001186000  98.00000
00.000001188000 100.00000
00.000001190000 100.00000
00.000001192000 100.00000
00.000001194000 100.00000
00.000001196000 102.00000
00.000001198000 100.00000
00.000001200000 100.00000
00.000001202000 100.00000
00.000001204000 100.00000
00.000001206000 102.00000
00.000001208000 102.00000
00.000001210000 102.00000
00.000001212000 104.00000
00.000001214000 102.00000
00.000001216000 102.00000
00.000001218000 102.00000
00.000001220000 102.00000
00.000001222000 100.00000
00.000001224000 104.00000
00.000001226000 104.00000
00.000001228000 104.00000
00.000001230000 102.00000
00.000001232000 104.00000
00.000001234000 102.00000
00.000001236000 104.00000
00.000001238000 104.00000
00.000001240000 106.00000
00.000001242000 104.00000
00.000001244000 104.00000
00.000001246000 104.00000
00.000001248000 106.00000
00.000001250000 104.00000
00.000001252000 104.00000
00.000001254000 106.00000
00.000001256000 104.00000
00.000001258000 106.00000
00.000001260000 106.00000
00.000001262000 108.00000
00.000001264000 106.00000
00.000001266000 104.00000
00.000001268000 104.00000
00.000001270000 104.00000
00.000001272000 106.00000
00.000001274000 106.00000
00.000001276000 106.00000
00.000001278000 106.00000
00.000001280000 106.00000
00.000001282000 108.00000
00.000001284000 108.00000
00.000001286000 106.00000
00.000001288000 108.00000
00.000001290000 108.00000
00.000001292000 106.00000
00.000001294000 106.00000
00.000001296000 106.00000
00.000001298000 106.00000
00.000001300000 106.00000
00.000001302000 104.00000
00.000001304000 108.00000
00.000001306000 108.00000
00.000001308000 110.00000
00.000001310000 106.00000
00.000001312000 106.00000
00.000001314000 108.00000
00.000001316000 108.00000
00.000001318000 108.00000
00.000001320000 108.00000
00.000001322000 108.00000
00.000001324000 108.00000
00.000001326000 108.00000
00.000001328000 108.00000
00.000001330000 106.00000
00.000001332000 108.00000
00.000001334000 106.00000
00.000001336000 110.00000
00.000001338000 110.00000
00.000001340000 110.00000
00.000001342000 110.00000
00.000001344000 108.00000
00.000001346000 110.00000
00.000001348000 108.00000
00.000001350000 110.00000
00.000001352000 108.00000
00.000001354000 110.00000
00.000001356000 110.00000
00.000001358000 112.00000
00.000001360000 110.00000
00.000001362000 112.00000
00.000001364000 110.00000
00.000001366000 110.00000
00.000001368000 108.00000
00.000001370000 110.00000
00.000001372000 112.00000
00.000001374000 114.00000
00.000001376000 112.00000
00.000001378000 112.00000
00.000001380000 112.00000
00.000001382000 114.00000
00.000001384000 112.00000
00.000001386000 112.00000
00.000001388000 114.00000
00.000001390000 112.00000
00.000001392000 112.00000
00.000001394000 114.00000
00.000001396000 112.00000
00.000001398000 112.00000
00.000001400000 112.00000
00.000001402000 112.00000
00.000001404000 114.00000
00.000001406000 112.00000
00.000001408000 112.00000
00.000001410000 112.00000
00.000001412000 112.00000
00.000001414000 112.00000
00.000001416000 112.00000
00.000001418000 112.00000
00.000001420000 114.00000
00.000001422000 114.00000
00.000001424000 114.00000
00.000001426000 112.00000
00.000001428000 116.00000
00.000001430000 114.00000
00.000001432000 116.00000
00.000001434000 114.00000
00.000001436000 114.00000
00.000001438000 116.00000
00.000001440000 116.00000
00.000001442000 114.00000
00.000001444000 116.00000
00.000001446000 118.00000
00.000001448000 114.00000
00.000001450000 116.00000
00.000001452000 116.00000
00.000001454000 114.00000
00.000001456000 116.00000
00.000001458000 114.00000
00.000001460000 116.00000
00.000001462000 116.00000
00.000001464000 114.00000
00.000001466000 116.00000
00.000001468000 114.00000
00.000001470000 116.00000
00.000001472000 116.00000
00.000001474000 118.00000
00.000001476000 116.00000
00.000001478000 116.00000
00.000001480000 118.00000
00.000001482000 120.00000
00.000001484000 116.00000
00.000001486000 120.00000
00.000001488000 116.00000
00.000001490000 118.00000
00.000001492000 116.00000
00.000001494000 118.00000
00.000001496000 118.00000
00.000001498000 118.00000
00.000001500000 120.00000
00.000001502000 120.00000
00.000001504000 116.00000
00.000001506000 118.00000
00.000001508000 120.00000
00.000001510000 116.00000
00.000001512000 118.00000
00.000001514000 118.00000
00.000001516000 116.00000
00.000001518000 118.00000
00.000001520000 118.00000
00.000001522000 118.00000
00.000001524000 118.00000
00.000001526000 118.00000
00.000001528000 122.00000
00.000001530000 118.00000
00.000001532000 120.00000
00.000001534000 120.00000
00.000001536000 118.00000
00.000001538000 118.00000
00.000001540000 118.00000
00.000001542000 120.00000
00.000001544000 120.00000
00.000001546000 120.00000
00.000001548000 122.00000
00.000001550000 120.00000
00.000001552000 120.00000
00.000001554000 118.00000
00.000001556000 120.00000
00.000001558000 120.00000
00.000001560000 120.00000
00.000001562000 120.00000
00.000001564000 120.00000
00.000001566000 118.00000
00.000001568000 118.00000
00.000001570000 122.00000
00.000001572000 122.00000
00.000001574000 120.00000
00.000001576000 120.00000
00.000001578000 122.00000
00.000001580000 122.00000
00.000001582000 122.00000
00.000001584000 122.00000
00.000001586000 122.00000
00.000001588000 122.00000
00.000001590000 122.00000
00.000001592000 120.00000
00.000001594000 122.00000
00.000001596000 120.00000
00.000001598000 120.00000
00.000001600000 120.00000
00.000001602000 122.00000
00.000001604000 122.00000
00.000001606000 122.00000
00.000001608000 124.00000
00.000001610000 124.00000
00.000001612000 122.00000
00.000001614000 120.00000
00.000001616000 120.00000
00.000001618000 122.00000
00.000001620000 122.00000
00.000001622000 122.00000
00.000001624000 120.00000
00.000001626000 122.00000
00.000001628000 122.00000
00.000001630000 122.00000
00.000001632000 122.00000
00.000001634000 122.00000
00.000001636000 122.00000
00.000001638000 122.00000
00.000001640000 122.00000
00.000001642000 124.00000
00.000001644000 122.00000
00.000001646000 122.00000
00.000001648000 124.00000
00.000001650000 126.00000
00.000001652000 124.00000
00.000001654000 124.00000
00.000001656000 124.00000
00.000001658000 126.00000
00.000001660000 126.00000
00.000001662000 124.00000
00.000001664000 122.00000
00.000001666000 124.00000
00.000001668000 122.00000
00.000001670000 122.00000
00.000001672000 124.00000
00.000001674000 122.00000
00.000001676000 124.00000
00.000001678000 124.00000
00.000001680000 124.00000
00.000001682000 122.00000
00.000001684000 126.00000
00.000001686000 124.00000
00.000001688000 126.00000
00.000001690000 124.00000
00.000001692000 126.00000
00.000001694000 124.00000
00.000001696000 126.00000
00.000001698000 124.00000
00.000001700000 124.00000
00.000001702000 126.00000
00.000001704000 124.00000
00.000001706000 124.00000
00.000001708000 126.00000
00.000001710000 126.00000
00.000001712000 126.00000
00.000001714000 124.00000
00.000001716000 124.00000
00.000001718000 124.00000
00.000001720000 126.00000
00.000001722000 126.00000
00.000001724000 126.00000
00.000001726000 126.00000
00.000001728000 128.00000
00.000001730000 126.00000
00.000001732000 126.00000
00.000001734000 126.00000
00.000001736000 124.00000
00.000001738000 126.00000
00.000001740000 126.00000
00.000001742000 128.00000
00.000001744000 126.00000
00.000001746000 126.00000
00.000001748000 126.00000
00.000001750000 126.00000
00.000001752000 124.00000
00.000001754000 124.00000
00.000001756000 126.00000
00.000001758000 128.00000
00.000001760000 126.00000
00.000001762000 126.00000
00.000001764000 124.00000
00.000001766000 126.00000
00.000001768000 126.00000
00.000001770000 128.00000
00.000001772000 128.00000
00.000001774000 128.00000
00.000001776000 128.00000
00.000001778000 126.00000
00.000001780000 126.00000
00.000001782000 126.00000
00.000001784000 128.00000
00.000001786000 128.00000
00.000001788000 126.00000
00.000001790000 126.00000
00.000001792000 128.00000
00.000001794000 126.00000
00.000001796000 126.00000
00.000001798000 124.00000
00.000001800000 126.00000
00.000001802000 128.00000
00.000001804000 128.00000
00.000001806000 130.00000
00.000001808000 128.00000
00.000001810000 128.00000
00.000001812000 128.00000
00.000001814000 126.00000
00.000001816000 128.00000
00.000001818000 128.00000
00.000001820000 128.00000
00.000001822000 128.00000
00.000001824000 128.00000
00.000001826000 128.00000
00.000001828000 126.00000
00.000001830000 130.00000
00.000001832000 130.00000
00.000001834000 130.00000
00.000001836000 128.00000
00.000001838000 128.00000
00.000001840000 128.00000
00.000001842000 130.00000
00.000001844000 128.00000
00.000001846000 130.00000
00.000001848000 132.00000
00.000001850000 126.00000
00.000001852000 128.00000
00.000001854000 128.00000
00.000001856000 130.00000
00.000001858000 128.00000
00.000001860000 128.00000
00.000001862000 130.00000
00.000001864000 128.00000
00.000001866000 128.00000
00.000001868000 130.00000
00.000001870000 132.00000
00.000001872000 128.00000
00.000001874000 130.00000
00.000001876000 128.00000
00.000001878000 130.00000
00.000001880000 130.00000
00.000001882000 128.00000
00.000001884000 130.00000
00.000001886000 130.00000
00.000001888000 130.00000
00.000001890000 132.00000
00.000001892000 130.00000
00.000001894000 132.00000
00.000001896000 132.00000
00.000001898000 130.00000
00.000001900000 128.00000
00.000001902000 128.00000
00.000001904000 130.00000
00.000001906000 128.00000
00.000001908000 130.00000
00.000001910000 130.00000
00.000001912000 128.00000
00.000001914000 130.00000
00.000001916000 128.00000
00.000001918000 130.00000
00.000001920000 130.00000
00.000001922000 130.00000
00.000001924000 132.00000
00.000001926000 130.00000
00.000001928000 132.00000
00.000001930000 132.00000
00.000001932000 130.00000
00.000001934000 128.00000
00.000001936000 130.00000
00.000001938000 130.00000
00.000001940000 132.00000
00.000001942000 130.00000
00.000001944000 130.00000
00.000001946000 132.00000
00.000001948000 130.00000
00.000001950000 130.00000
00.000001952000 132.00000
00.000001954000 130.00000
00.000001956000 132.00000
00.000001958000 132.00000
00.000001960000 130.00000
00.000001962000 130.00000
00.000001964000 130.00000
00.000001966000 128.00000
00.000001968000 130.00000
00.000001970000 132.00000
00.000001972000 132.00000
00.000001974000 132.00000
00.000001976000 132.00000
00.000001978000 130.00000
00.000001980000 132.00000
00.000001982000 132.00000
00.000001984000 132.00000
00.000001986000 130.00000
00.000001988000 130.00000
00.000001990000 130.00000
00.000001992000 132.00000
00.000001994000 130.00000
00.000001996000 130.00000
00.000001998000 134.00000
00.000002000000 132.00000
00.000002002000 132.00000
00.000002004000 130.00000
00.000002006000 132.00000
00.000002008000 132.00000
00.000002010000 130.00000
00.000002012000 132.00000
00.000002014000 132.00000
00.000002016000 130.00000
00.000002018000 132.00000
00.000002020000 134.00000
00.000002022000 134.00000
00.000002024000 132.00000
00.000002026000 132.00000
00.000002028000 132.00000
00.000002030000 132.00000
00.000002032000 134.00000
00.000002034000 134.00000
00.000002036000 134.00000
00.000002038000 134.00000
00.000002040000 132.00000
00.000002042000 132.00000
00.000002044000 132.00000
00.000002046000 136.00000
00.000002048000 130.00000
00.000002050000 132.00000
00.000002052000 134.00000
00.000002054000 132.00000
00.000002056000 134.00000
00.000002058000 132.00000
00.000002060000 132.00000
00.000002062000 130.00000
00.000002064000 132.00000
00.000002066000 130.00000
00.000002068000 134.00000
00.000002070000 134.00000
00.000002072000 132.00000
00.000002074000 132.00000
00.000002076000 130.00000
00.000002078000 132.00000
00.000002080000 132.00000
00.000002082000 132.00000
00.000002084000 132.00000
00.000002086000 132.00000
00.000002088000 134.00000
00.000002090000 132.00000
00.000002092000 132.00000
00.000002094000 134.00000
00.000002096000 132.00000
00.000002098000 132.00000
00.000002100000 134.00000
00.000002102000 134.00000
00.000002104000 132.00000
00.000002106000 132.00000
00.000002108000 134.00000
00.000002110000 132.00000
00.000002112000 130.00000
00.000002114000 132.00000
00.000002116000 134.00000
00.000002118000 134.00000
00.000002120000 132.00000
00.000002122000 132.00000
00.000002124000 134.00000
00.000002126000 134.00000
00.000002128000 134.00000
00.000002130000 134.00000
00.000002132000 132.00000
00.000002134000 134.00000
00.000002136000 132.00000
00.000002138000 134.00000
00.000002140000 134.00000
00.000002142000 132.00000
00.000002144000 134.00000
00.000002146000 134.00000
00.000002148000 132.00000
00.000002150000 134.00000
00.000002152000 132.00000
00.000002154000 134.00000
00.000002156000 136.00000
00.000002158000 134.00000
00.000002160000 132.00000
00.000002162000 132.00000
00.000002164000 132.00000
00.000002166000 132.00000
00.000002168000 132.00000
00.000002170000 136.00000
00.000002172000 136.00000
00.000002174000 136.00000
00.000002176000 136.00000
00.000002178000 136.00000
00.000002180000 134.00000
00.000002182000 136.00000
00.000002184000 134.00000
00.000002186000 134.00000
00.000002188000 134.00000
00.000002190000 134.00000
00.000002192000 132.00000
00.000002194000 132.00000
00.000002196000 134.00000
00.000002198000 134.00000
00.000002200000 134.00000
00.000002202000 136.00000
00.000002204000 136.00000
00.000002206000 132.00000
00.000002208000 134.00000
00.000002210000 134.00000
00.000002212000 132.00000
00.000002214000 134.00000
00.000002216000 134.00000
00.000002218000 136.00000
00.000002220000 134.00000
00.000002222000 134.00000
00.000002224000 134.00000
00.000002226000 136.00000
00.000002228000 134.00000
00.000002230000 136.00000
00.000002232000 136.00000
00.000002234000 134.00000
00.000002236000 136.00000
00.000002238000 134.00000
00.000002240000 134.00000
00.000002242000 134.00000
00.000002244000 134.00000
00.000002246000 132.00000
00.000002248000 136.00000
00.000002250000 132.00000
00.000002252000 136.00000
00.000002254000 136.00000
00.000002256000 134.00000
00.000002258000 134.00000
00.000002260000 134.00000
00.000002262000 134.00000
00.000002264000 134.00000
00.000002266000 136.00000
00.000002268000 138.00000
00.000002270000 136.00000
00.000002272000 134.00000
00.000002274000 134.00000
00.000002276000 134.00000
00.000002278000 134.00000
00.000002280000 134.00000
00.000002282000 134.00000
00.000002284000 134.00000
00.000002286000 136.00000
00.000002288000 134.00000
00.000002290000 138.00000
00.000002292000 134.00000
00.000002294000 134.00000
00.000002296000 134.00000
00.000002298000 136.00000
00.000002300000 136.00000
00.000002302000 136.00000
00.000002304000 136.00000
00.000002306000 134.00000
00.000002308000 134.00000
00.000002310000 134.00000
00.000002312000 134.00000
00.000002314000 134.00000
00.000002316000 136.00000
00.000002318000 136.00000
00.000002320000 136.00000
00.000002322000 138.00000
00.000002324000 136.00000
00.000002326000 136.00000
00.000002328000 136.00000
00.000002330000 136.00000
00.000002332000 134.00000
00.000002334000 136.00000
00.000002336000 138.00000
00.000002338000 136.00000
00.000002340000 136.00000
00.000002342000 136.00000
00.000002344000 138.00000
00.000002346000 136.00000
00.000002348000 136.00000
00.000002350000 136.00000
00.000002352000 138.00000
00.000002354000 138.00000
00.000002356000 134.00000
00.000002358000 134.00000
00.000002360000 136.00000
00.000002362000 134.00000
00.000002364000 136.00000
00.000002366000 134.00000
00.000002368000 136.00000
00.000002370000 136.00000
00.000002372000 134.00000
00.000002374000 138.00000
00.000002376000 136.00000
00.000002378000 134.00000
00.000002380000 136.00000
00.000002382000 136.00000
00.000002384000 136.00000
00.000002386000 138.00000
00.000002388000 136.00000
00.000002390000 134.00000
00.000002392000 136.00000
00.000002394000 136.00000
00.000002396000 138.00000
00.000002398000 134.00000
00.000002400000 138.00000
00.000002402000 138.00000
00.000002404000 134.00000
00.000002406000 136.00000
00.000002408000 134.00000
00.000002410000 138.00000
00.000002412000 136.00000
00.000002414000 138.00000
00.000002416000 138.00000
00.000002418000 138.00000
00.000002420000 134.00000
00.000002422000 134.00000
00.000002424000 136.00000
00.000002426000 134.00000
00.000002428000 138.00000
00.000002430000 138.00000
00.000002432000 138.00000
00.000002434000 138.00000
00.000002436000 138.00000
00.000002438000 136.00000
00.000002440000 134.00000
00.000002442000 140.00000
00.000002444000 136.00000
00.000002446000 138.00000
00.000002448000 138.00000
00.000002450000 138.00000
00.000002452000 138.00000
00.000002454000 136.00000
00.000002456000 136.00000
00.000002458000 138.00000
00.000002460000 138.00000
00.000002462000 136.00000
00.000002464000 138.00000
00.000002466000 138.00000
00.000002468000 136.00000
00.000002470000 136.00000
00.000002472000 138.00000
00.000002474000 134.00000
00.000002476000 136.00000
00.000002478000 136.00000
00.000002480000 136.00000
00.000002482000 136.00000
00.000002484000 138.00000
00.000002486000 136.00000
00.000002488000 136.00000
00.000002490000 136.00000
00.000002492000 136.00000
00.000002494000 138.00000
00.000002496000 138.00000
00.000002498000 136.00000
00.000002500000 136.00000
00.000002502000 140.00000
00.000002504000 136.00000
00.000002506000 134.00000
00.000002508000 136.00000
00.000002510000 136.00000
00.000002512000 138.00000
00.000002514000 136.00000
00.000002516000 138.00000
00.000002518000 138.00000
00.000002520000 138.00000
00.000002522000 138.00000
00.000002524000 138.00000
00.000002526000 138.00000
00.000002528000 136.00000
00.000002530000 136.00000
00.000002532000 136.00000
00.000002534000 140.00000
00.000002536000 138.00000
00.000002538000 140.00000
00.000002540000 136.00000
00.000002542000 136.00000
00.000002544000 138.00000
00.000002546000 138.00000
00.000002548000 138.00000
00.000002550000 136.00000
00.000002552000 138.00000
00.000002554000 138.00000
00.000002556000 138.00000
00.000002558000 138.00000
00.000002560000 138.00000
00.000002562000 138.00000
00.000002564000 138.00000
00.000002566000 138.00000
00.000002568000 136.00000
00.000002570000 138.00000
00.000002572000 140.00000
00.000002574000 136.00000
00.000002576000 138.00000
00.000002578000 136.00000
00.000002580000 138.00000
00.000002582000 138.00000
00.000002584000 140.00000
00.000002586000 136.00000
00.000002588000 134.00000
00.000002590000 136.00000
00.000002592000 138.00000
00.000002594000 138.00000
00.000002596000 138.00000
00.000002598000 140.00000
00.000002600000 140.00000
00.000002602000 140.00000
00.000002604000 136.00000
00.000002606000 138.00000
00.000002608000 140.00000
00.000002610000 138.00000
00.000002612000 138.00000
00.000002614000 136.00000
00.000002616000 138.00000
00.000002618000 138.00000
00.000002620000 136.00000
00.000002622000 138.00000
00.000002624000 138.00000
00.000002626000 138.00000
00.000002628000 138.00000
00.000002630000 138.00000
00.000002632000 138.00000
00.000002634000 138.00000
00.000002636000 138.00000
00.000002638000 134.00000
00.000002640000 140.00000
00.000002642000 134.00000
00.000002644000 136.00000
00.000002646000 138.00000
00.000002648000 138.00000
00.000002650000 138.00000
00.000002652000 138.00000
00.000002654000 138.00000
00.000002656000 136.00000
00.000002658000 138.00000
00.000002660000 134.00000
00.000002662000 140.00000
00.000002664000 138.00000
00.000002666000 138.00000
00.000002668000 138.00000
00.000002670000 138.00000
00.000002672000 140.00000
00.000002674000 138.00000
00.000002676000 138.00000
00.000002678000 140.00000
00.000002680000 140.00000
00.000002682000 140.00000
00.000002684000 138.00000
00.000002686000 138.00000
00.000002688000 136.00000
00.000002690000 136.00000
00.000002692000 138.00000
00.000002694000 140.00000
00.000002696000 138.00000
00.000002698000 138.00000
00.000002700000 140.00000
00.000002702000 138.00000
00.000002704000 138.00000
00.000002706000 138.00000
00.000002708000 136.00000
00.000002710000 138.00000
00.000002712000 138.00000
00.000002714000 138.00000
00.000002716000 140.00000
00.000002718000 140.00000
00.000002720000 140.00000
00.000002722000 140.00000
00.000002724000 138.00000
00.000002726000 138.00000
00.000002728000 138.00000
00.000002730000 140.00000
00.000002732000 140.00000
00.000002734000 138.00000
00.000002736000 140.00000
00.000002738000 138.00000
00.000002740000 140.00000
00.000002742000 138.00000
00.000002744000 138.00000
00.000002746000 140.00000
00.000002748000 140.00000
00.000002750000 138.00000
00.000002752000 138.00000
00.000002754000 138.00000
00.000002756000 138.00000
00.000002758000 140.00000
00.000002760000 136.00000
00.000002762000 138.00000
00.000002764000 138.00000
00.000002766000 142.00000
00.000002768000 140.00000
00.000002770000 138.00000
00.000002772000 140.00000
00.000002774000 140.00000
00.000002776000 138.00000
00.000002778000 138.00000
00.000002780000 140.00000
00.000002782000 140.00000
00.000002784000 140.00000
00.000002786000 136.00000
00.000002788000 138.00000
00.000002790000 138.00000
00.000002792000 138.00000
00.000002794000 138.00000
00.000002796000 140.00000
00.000002798000 142.00000
00.000002800000 140.00000
00.000002802000 140.00000
00.000002804000 140.00000
00.000002806000 138.00000
00.000002808000 136.00000
00.000002810000 140.00000
00.000002812000 142.00000
00.000002814000 142.00000
00.000002816000 138.00000
00.000002818000 138.00000
00.000002820000 138.00000
00.000002822000 136.00000
00.000002824000 140.00000
00.000002826000 138.00000
00.000002828000 140.00000
00.000002830000 138.00000
00.000002832000 140.00000
00.000002834000 140.00000
00.000002836000 138.00000
00.000002838000 142.00000
00.000002840000 138.00000
00.000002842000 140.00000
00.000002844000 140.00000
00.000002846000 140.00000
00.000002848000 140.00000
00.000002850000 136.00000
00.000002852000 138.00000
00.000002854000 138.00000
00.000002856000 140.00000
00.000002858000 138.00000
00.000002860000 138.00000
00.000002862000 138.00000
00.000002864000 140.00000
00.000002866000 138.00000
00.000002868000 138.00000
00.000002870000 136.00000
00.000002872000 138.00000
00.000002874000 138.00000
00.000002876000 138.00000
00.000002878000 140.00000
00.000002880000 142.00000
00.000002882000 138.00000
00.000002884000 136.00000
00.000002886000 138.00000
00.000002888000 138.00000
00.000002890000 142.00000
00.000002892000 140.00000
00.000002894000 140.00000
00.000002896000 140.00000
00.000002898000 140.00000
00.000002900000 138.00000
00.000002902000 140.00000
00.000002904000 140.00000
00.000002906000 138.00000
00.000002908000 140.00000
00.000002910000 140.00000
00.000002912000 138.00000
00.000002914000 140.00000
00.000002916000 140.00000
00.000002918000 140.00000
00.000002920000 140.00000
00.000002922000 140.00000
00.000002924000 140.00000
00.000002926000 140.00000
00.000002928000 140.00000
00.000002930000 140.00000
00.000002932000 136.00000
00.000002934000 140.00000
00.000002936000 138.00000
00.000002938000 140.00000
00.000002940000 138.00000
00.000002942000 140.00000
00.000002944000 138.00000
00.000002946000 142.00000
00.000002948000 142.00000
00.000002950000 140.00000
00.000002952000 138.00000
00.000002954000 140.00000
00.000002956000 140.00000
00.000002958000 138.00000
00.000002960000 138.00000
00.000002962000 140.00000
00.000002964000 140.00000
00.000002966000 140.00000
00.000002968000 138.00000
00.000002970000 140.00000
00.000002972000 138.00000
00.000002974000 138.00000
00.000002976000 140.00000
00.000002978000 142.00000
00.000002980000 142.00000
00.000002982000 138.00000
00.000002984000 138.00000
00.000002986000 138.00000
00.000002988000 138.00000
00.000002990000 140.00000
00.000002992000 138.00000
00.000002994000 138.00000
00.000002996000 140.00000
00.000002998000 140.00000
00.000003000000 140.00000
00.000003002000 140.00000
00.000003004000 142.00000
00.000003006000 138.00000
00.000003008000 140.00000
00.000003010000 140.00000
00.000003012000 140.00000
00.000003014000 138.00000
00.000003016000 138.00000
00.000003018000 140.00000
00.000003020000 140.00000
00.000003022000 140.00000
00.000003024000 140.00000
00.000003026000 140.00000
00.000003028000 138.00000
00.000003030000 140.00000
00.000003032000 138.00000
00.000003034000 140.00000
00.000003036000 140.00000
00.000003038000 140.00000
00.000003040000 140.00000
00.000003042000 138.00000
00.000003044000 140.00000
00.000003046000 140.00000
00.000003048000 138.00000
00.000003050000 138.00000
00.000003052000 140.00000
00.000003054000 138.00000
00.000003056000 138.00000
00.000003058000 140.00000
00.000003060000 140.00000
00.000003062000 140.00000
00.000003064000 140.00000
00.000003066000 140.00000
00.000003068000 140.00000
00.000003070000 138.00000
00.000003072000 138.00000
00.000003074000 140.00000
00.000003076000 140.00000
00.000003078000 142.00000
00.000003080000 138.00000
00.000003082000 138.00000
00.000003084000 140.00000
00.000003086000 136.00000
00.000003088000 140.00000
00.000003090000 138.00000
00.000003092000 140.00000
00.000003094000 140.00000
00.000003096000 142.00000
00.000003098000 138.00000
00.000003100000 138.00000
00.000003102000 140.00000
00.000003104000 138.00000
00.000003106000 140.00000
00.000003108000 140.00000
00.000003110000 138.00000
00.000003112000 140.00000
00.000003114000 140.00000
00.000003116000 142.00000
00.000003118000 140.00000
00.000003120000 138.00000
00.000003122000 138.00000
00.000003124000 140.00000
00.000003126000 140.00000
00.000003128000 142.00000
00.000003130000 142.00000
00.000003132000 140.00000
00.000003134000 140.00000
00.000003136000 140.00000
00.000003138000 140.00000
00.000003140000 142.00000
00.000003142000 140.00000
00.000003144000 142.00000
00.000003146000 142.00000
00.000003148000 138.00000
00.000003150000 140.00000
00.000003152000 140.00000
00.000003154000 140.00000
00.000003156000 140.00000
00.000003158000 138.00000
00.000003160000 142.00000
00.000003162000 142.00000
00.000003164000 140.00000
00.000003166000 142.00000
00.000003168000 142.00000
00.000003170000 140.00000
00.000003172000 142.00000
00.000003174000 138.00000
00.000003176000 140.00000
00.000003178000 140.00000
00.000003180000 140.00000
00.000003182000 136.00000
00.000003184000 136.00000
00.000003186000 138.00000
00.000003188000 138.00000
00.000003190000 136.00000
00.000003192000 142.00000
00.000003194000 142.00000
00.000003196000 142.00000
00.000003198000 140.00000
00.000003200000 140.00000
00.000003202000 140.00000
00.000003204000 140.00000
00.000003206000 138.00000
00.000003208000 140.00000
00.000003210000 140.00000
00.000003212000 138.00000
00.000003214000 138.00000
00.000003216000 140.00000
00.000003218000 138.00000
00.000003220000 142.00000
00.000003222000 140.00000
00.000003224000 140.00000
00.000003226000 140.00000
00.000003228000 142.00000
00.000003230000 138.00000
00.000003232000 138.00000
00.000003234000 142.00000
00.000003236000 140.00000
00.000003238000 142.00000
00.000003240000 140.00000
00.000003242000 138.00000
00.000003244000 140.00000
00.000003246000 140.00000
00.000003248000 140.00000
00.000003250000 142.00000
00.000003252000 140.00000
00.000003254000 140.00000
00.000003256000 142.00000
00.000003258000 140.00000
00.000003260000 140.00000
00.000003262000 142.00000
00.000003264000 138.00000
00.000003266000 138.00000
00.000003268000 142.00000
00.000003270000 138.00000
00.000003272000 138.00000
00.000003274000 138.00000
00.000003276000 140.00000
00.000003278000 142.00000
00.000003280000 138.00000
00.000003282000 140.00000
00.000003284000 140.00000
00.000003286000 140.00000
00.000003288000 140.00000
00.000003290000 140.00000
00.000003292000 140.00000
00.000003294000 142.00000
00.000003296000 140.00000
00.000003298000 140.00000
00.000003300000 138.00000
00.000003302000 140.00000
00.000003304000 140.00000
00.000003306000 138.00000
00.000003308000 140.00000
00.000003310000 140.00000
00.000003312000 144.00000
00.000003314000 142.00000
00.000003316000 144.00000
00.000003318000 142.00000
00.000003320000 138.00000
00.000003322000 138.00000
00.000003324000 142.00000
00.000003326000 142.00000
00.000003328000 140.00000
00.000003330000 140.00000
00.000003332000 140.00000
00.000003334000 138.00000
00.000003336000 142.00000
00.000003338000 140.00000
00.000003340000 140.00000
00.000003342000 140.00000
00.000003344000 140.00000
00.000003346000 138.00000
00.000003348000 138.00000
00.000003350000 140.00000
00.000003352000 140.00000
00.000003354000 138.00000
00.000003356000 138.00000
00.000003358000 140.00000
00.000003360000 144.00000
00.000003362000 140.00000
00.000003364000 142.00000
00.000003366000 140.00000
00.000003368000 140.00000
00.000003370000 140.00000
00.000003372000 140.00000
00.000003374000 140.00000
00.000003376000 142.00000
00.000003378000 140.00000
00.000003380000 136.00000
00.000003382000 138.00000
00.000003384000 140.00000
00.000003386000 140.00000
00.000003388000 138.00000
00.000003390000 142.00000
00.000003392000 142.00000
00.000003394000 140.00000
00.000003396000 138.00000
00.000003398000 142.00000
00.000003400000 142.00000
00.000003402000 140.00000
00.000003404000 142.00000
00.000003406000 140.00000
00.000003408000 142.00000
00.000003410000 138.00000
00.000003412000 140.00000
00.000003414000 140.00000
00.000003416000 140.00000
00.000003418000 142.00000
00.000003420000 142.00000
00.000003422000 142.00000
00.000003424000 140.00000
00.000003426000 144.00000
00.000003428000 142.00000
00.000003430000 138.00000
00.000003432000 140.00000
00.000003434000 140.00000
00.000003436000 140.00000
00.000003438000 140.00000
00.000003440000 144.00000
00.000003442000 142.00000
00.000003444000 140.00000
00.000003446000 142.00000
00.000003448000 140.00000
00.000003450000 142.00000
00.000003452000 140.00000
00.000003454000 140.00000
00.000003456000 140.00000
00.000003458000 142.00000
00.000003460000 140.00000
00.000003462000 140.00000
00.000003464000 142.00000
00.000003466000 140.00000
00.000003468000 142.00000
00.000003470000 142.00000
00.000003472000 140.00000
00.000003474000 144.00000
00.000003476000 140.00000
00.000003478000 140.00000
00.000003480000 140.00000
00.000003482000 138.00000
00.000003484000 138.00000
00.000003486000 140.00000
00.000003488000 140.00000
00.000003490000 138.00000
00.000003492000 142.00000
00.000003494000 142.00000
00.000003496000 140.00000
00.000003498000 140.00000
00.000003500000 140.00000
00.000003502000 140.00000
00.000003504000 140.00000
00.000003506000 140.00000
00.000003508000 140.00000
00.000003510000 142.00000
00.000003512000 142.00000
00.000003514000 142.00000
00.000003516000 140.00000
00.000003518000 140.00000
00.000003520000 138.00000
00.000003522000 140.00000
00.000003524000 140.00000
00.000003526000 140.00000
00.000003528000 140.00000
00.000003530000 138.00000
00.000003532000 140.00000
00.000003534000 140.00000
00.000003536000 138.00000
00.000003538000 142.00000
00.000003540000 142.00000
00.000003542000 142.00000
00.000003544000 140.00000
00.000003546000 136.00000
00.000003548000 138.00000
00.000003550000 140.00000
00.000003552000 140.00000
00.000003554000 140.00000
00.000003556000 142.00000
00.000003558000 140.00000
00.000003560000 142.00000
00.000003562000 138.00000
00.000003564000 142.00000
00.000003566000 140.00000
00.000003568000 140.00000
00.000003570000 140.00000
00.000003572000 140.00000
00.000003574000 142.00000
00.000003576000 140.00000
00.000003578000 138.00000
00.000003580000 140.00000
00.000003582000 142.00000
00.000003584000 138.00000
00.000003586000 140.00000
00.000003588000 142.00000
00.000003590000 142.00000
00.000003592000 140.00000
00.000003594000 140.00000
00.000003596000 140.00000
00.000003598000 140.00000
00.000003600000 136.00000
00.000003602000 142.00000
00.000003604000 142.00000
00.000003606000 140.00000
00.000003608000 140.00000
00.000003610000 140.00000
00.000003612000 140.00000
00.000003614000 140.00000
00.000003616000 142.00000
00.000003618000 140.00000
00.000003620000 142.00000
00.000003622000 140.00000
00.000003624000 140.00000
00.000003626000 142.00000
00.000003628000 140.00000
00.000003630000 144.00000
00.000003632000 140.00000
00.000003634000 140.00000
00.000003636000 140.00000
00.000003638000 138.00000
00.000003640000 140.00000
00.000003642000 140.00000
00.000003644000 140.00000
00.000003646000 140.00000
00.000003648000 142.00000
00.000003650000 138.00000
00.000003652000 142.00000
00.000003654000 142.00000
00.000003656000 144.00000
00.000003658000 142.00000
00.000003660000 138.00000
00.000003662000 138.00000
00.000003664000 138.00000
00.000003666000 138.00000
00.000003668000 138.00000
00.000003670000 140.00000
00.000003672000 142.00000
00.000003674000 142.00000
00.000003676000 142.00000
00.000003678000 142.00000
00.000003680000 140.00000
00.000003682000 140.00000
00.000003684000 142.00000
00.000003686000 140.00000
00.000003688000 142.00000
00.000003690000 142.00000
00.000003692000 142.00000
00.000003694000 138.00000
00.000003696000 140.00000
00.000003698000 140.00000
00.000003700000 140.00000
00.000003702000 140.00000
00.000003704000 138.00000
00.000003706000 142.00000
00.000003708000 140.00000
00.000003710000 142.00000
00.000003712000 140.00000
00.000003714000 140.00000
00.000003716000 140.00000
00.000003718000 140.00000
00.000003720000 140.00000
00.000003722000 142.00000
00.000003724000 140.00000
00.000003726000 138.00000
00.000003728000 140.00000
00.000003730000 140.00000
00.000003732000 140.00000
00.000003734000 138.00000
00.000003736000 138.00000
00.000003738000 142.00000
00.000003740000 142.00000
00.000003742000 140.00000
00.000003744000 140.00000
00.000003746000 140.00000
00.000003748000 138.00000
00.000003750000 138.00000
00.000003752000 140.00000
00.000003754000 140.00000
00.000003756000 142.00000
00.000003758000 140.00000
00.000003760000 140.00000
00.000003762000 142.00000
00.000003764000 142.00000
00.000003766000 138.00000
00.000003768000 140.00000
00.000003770000 140.00000
00.000003772000 142.00000
00.000003774000 138.00000
00.000003776000 138.00000
00.000003778000 140.00000
00.000003780000 142.00000
00.000003782000 142.00000
00.000003784000 140.00000
00.000003786000 144.00000
00.000003788000 144.00000
00.000003790000 140.00000
00.000003792000 140.00000
00.000003794000 140.00000
00.000003796000 140.00000
00.000003798000 140.00000
00.000003800000 138.00000
00.000003802000 144.00000
00.000003804000 142.00000
00.000003806000 140.00000
00.000003808000 140.00000
00.000003810000 140.00000
00.000003812000 138.00000
00.000003814000 138.00000
00.000003816000 140.00000
00.000003818000 140.00000
00.000003820000 140.00000
00.000003822000 142.00000
00.000003824000 142.00000
00.000003826000 140.00000
00.000003828000 142.00000
00.000003830000 140.00000
00.000003832000 140.00000
00.000003834000 142.00000
00.000003836000 140.00000
00.000003838000 142.00000
00.000003840000 140.00000
00.000003842000 140.00000
00.000003844000 140.00000
00.000003846000 140.00000
00.000003848000 140.00000
00.000003850000 140.00000
00.000003852000 140.00000
00.000003854000 140.00000
00.000003856000 140.00000
00.000003858000 140.00000
00.000003860000 140.00000
00.000003862000 140.00000
00.000003864000 142.00000
00.000003866000 140.00000
00.000003868000 140.00000
00.000003870000 140.00000
00.000003872000 140.00000
00.000003874000 142.00000
00.000003876000 140.00000
00.000003878000 140.00000
00.000003880000 140.00000
00.000003882000 140.00000
00.000003884000 140.00000
00.000003886000 140.00000
00.000003888000 142.00000
00.000003890000 142.00000
00.000003892000 140.00000
00.000003894000 140.00000
00.000003896000 142.00000
00.000003898000 142.00000
00.000003900000 142.00000
00.000003902000 140.00000
00.000003904000 142.00000
00.000003906000 142.00000
00.000003908000 140.00000
00.000003910000 142.00000
00.000003912000 142.00000
00.000003914000 140.00000
00.000003916000 140.00000
00.000003918000 142.00000
00.000003920000 142.00000
00.000003922000 144.00000
00.000003924000 142.00000
00.000003926000 140.00000
00.000003928000 140.00000
00.000003930000 142.00000
00.000003932000 142.00000
00.000003934000 142.00000
00.000003936000 142.00000
00.000003938000 142.00000
00.000003940000 140.00000
00.000003942000 138.00000
00.000003944000 142.00000
00.000003946000 142.00000
00.000003948000 142.00000
00.000003950000 140.00000
00.000003952000 144.00000
00.000003954000 144.00000
00.000003956000 142.00000
00.000003958000 142.00000
00.000003960000 140.00000
00.000003962000 140.00000
00.000003964000 140.00000
00.000003966000 140.00000
00.000003968000 142.00000
00.000003970000 142.00000
00.000003972000 140.00000
00.000003974000 138.00000
00.000003976000 140.00000
00.000003978000 142.00000
00.000003980000 138.00000
00.000003982000 138.00000
00.000003984000 140.00000
00.000003986000 144.00000
00.000003988000 142.00000
00.000003990000 140.00000
00.000003992000 142.00000
00.000003994000 142.00000
00.000003996000 140.00000
00.000003998000 142.00