
-00.000000296400 -1256.00000,
-00.000000296200 -1256.00000
-00.000000296000 -1256.00000
-00.000000295800 -1256.00000
-00.000000295600 -1256.00000
-00.000000295400 -1256.00000
-00.000000295200 -1256.00000
-00.000000295000 -1256.00000
-00.000000294800 -1256.00000
-00.000000294600 -1256.00000
-00.000000294400 -1256.00000
-00.000000294200 -1256.00000
-00.000000294000 -1256.00000
-00.000000293800 -1256.00000
-00.000000293600 -1256.00000
-00.000000293400 -1256.00000
-00.000000293200 -1248.00000
-00.000000293000 -1256.00000
-00.000000292800 -1256.00000
-00.000000292600 -1256.00000
-00.000000292400 -1256.00000
-00.000000292200 -1256.00000
-00.000000292000 -1256.00000
-00.000000291800 -1256.00000
-00.000000291600 -1256.00000
-00.000000291400 -1256.00000
-00.000000291200 -1248.00000
-00.000000291000 -1248.00000
-00.000000290800 -1256.00000
-00.000000290600 -1256.00000
-00.000000290400 -1256.00000
-00.000000290200 -1256.00000
-00.000000290000 -1264.00000
-00.000000289800 -1264.00000
-00.000000289600 -1264.00000
-00.000000289400 -1264.00000
-00.000000289200 -1264.00000
-00.000000289000 -1264.00000
-00.000000288800 -1264.00000
-00.000000288600 -1256.00000
-00.000000288400 -1256.00000
-00.000000288200 -1248.00000
-00.000000288000 -1248.00000
-00.000000287800 -1248.00000
-00.000000287600 -1248.00000
-00.000000287400 -1248.00000
-00.000000287200 -1248.00000
-00.000000287000 -1248.00000
-00.000000286800 -1248.00000
-00.000000286600 -1248.00000
-00.000000286400 -1248.00000
-00.000000286200 -1240.00000
-00.000000286000 -1240.00000
-00.000000285800 -1248.00000
-00.000000285600 -1248.00000
-00.000000285400 -1248.00000
-00.000000285200 -1248.00000
-00.000000285000 -1256.00000
-00.000000284800 -1256.00000
-00.000000284600 -1256.00000
-00.000000284400 -1256.00000
-00.000000284200 -1256.00000
-00.000000284000 -1264.00000
-00.000000283800 -1264.00000
-00.000000283600 -1264.00000
-00.000000283400 -1264.00000
-00.000000283200 -1264.00000
-00.000000283000 -1264.00000
-00.000000282800 -1264.00000
-00.000000282600 -1264.00000
-00.000000282400 -1264.00000
-00.000000282200 -1256.00000
-00.000000282000 -1256.00000
-00.000000281800 -1256.00000
-00.000000281600 -1256.00000
-00.000000281400 -1256.00000
-00.000000281200 -1248.00000
-00.000000281000 -1248.00000
-00.000000280800 -1248.00000
-00.000000280600 -1248.00000
-00.000000280400 -1240.00000
-00.000000280200 -1240.00000
-00.000000280000 -1240.00000
-00.000000279800 -1248.00000
-00.000000279600 -1248.00000
-00.000000279400 -1248.00000
-00.000000279200 -1248.00000
-00.000000279000 -1256.00000
-00.000000278800 -1256.00000
-00.000000278600 -1256.00000
-00.000000278400 -1256.00000
-00.000000278200 -1256.00000
-00.000000278000 -1256.00000
-00.000000277800 -1256.00000
-00.000000277600 -1248.00000
-00.000000277400 -1248.00000
-00.000000277200 -1240.00000
-00.000000277000 -1240.00000
-00.000000276800 -1240.00000
-00.000000276600 -1240.00000
-00.000000276400 -1240.00000
-00.000000276200 -1240.00000
-00.000000276000 -1248.00000
-00.000000275800 -1248.00000
-00.000000275600 -1248.00000
-00.000000275400 -1248.00000
-00.000000275200 -1248.00000
-00.000000275000 -1256.00000
-00.000000274800 -1256.00000
-00.000000274600 -1256.00000
-00.000000274400 -1256.00000
-00.000000274200 -1256.00000
-00.000000274000 -1256.00000
-00.000000273800 -1264.00000
-00.000000273600 -1264.00000
-00.000000273400 -1256.00000
-00.000000273200 -1256.00000
-00.000000273000 -1256.00000
-00.000000272800 -1256.00000
-00.000000272600 -1256.00000
-00.000000272400 -1256.00000
-00.000000272200 -1248.00000
-00.000000272000 -1248.00000
-00.000000271800 -1248.00000
-00.000000271600 -1248.00000
-00.000000271400 -1240.00000
-00.000000271200 -1240.00000
-00.000000271000 -1240.00000
-00.000000270800 -1248.00000
-00.000000270600 -1248.00000
-00.000000270400 -1248.00000
-00.000000270200 -1248.00000
-00.000000270000 -1256.00000
-00.000000269800 -1256.00000
-00.000000269600 -1256.00000
-00.000000269400 -1256.00000
-00.000000269200 -1256.00000
-00.000000269000 -1256.00000
-00.000000268800 -1256.00000
-00.000000268600 -1256.00000
-00.000000268400 -1256.00000
-00.000000268200 -1248.00000
-00.000000268000 -1248.00000
-00.000000267800 -1248.00000
-00.000000267600 -1248.00000
-00.000000267400 -1248.00000
-00.000000267200 -1248.00000
-00.000000267000 -1248.00000
-00.000000266800 -1248.00000
-00.000000266600 -1248.00000
-00.000000266400 -1248.00000
-00.000000266200 -1248.00000
-00.000000266000 -1248.00000
-00.000000265800 -1248.00000
-00.000000265600 -1248.00000
-00.000000265400 -1248.00000
-00.000000265200 -1248.00000
-00.000000265000 -1248.00000
-00.000000264800 -1248.00000
-00.000000264600 -1248.00000
-00.000000264400 -1248.00000
-00.000000264200 -1248.00000
-00.000000264000 -1248.00000
-00.000000263800 -1248.00000
-00.000000263600 -1248.00000
-00.000000263400 -1248.00000
-00.000000263200 -1248.00000
-00.000000263000 -1256.00000
-00.000000262800 -1256.00000
-00.000000262600 -1256.00000
-00.000000262400 -1256.00000
-00.000000262200 -1256.00000
-00.000000262000 -1264.00000
-00.000000261800 -1264.00000
-00.000000261600 -1264.00000
-00.000000261400 -1264.00000
-00.000000261200 -1256.00000
-00.000000261000 -1256.00000
-00.000000260800 -1256.00000
-00.000000260600 -1248.00000
-00.000000260400 -1248.00000
-00.000000260200 -1240.00000
-00.000000260000 -1240.00000
-00.000000259800 -1240.00000
-00.000000259600 -1240.00000
-00.000000259400 -1240.00000
-00.000000259200 -1240.00000
-00.000000259000 -1248.00000
-00.000000258800 -1248.00000
-00.000000258600 -1248.00000
-00.000000258400 -1248.00000
-00.000000258200 -1248.00000
-00.000000258000 -1256.00000
-00.000000257800 -1256.00000
-00.000000257600 -1256.00000
-00.000000257400 -1256.00000
-00.000000257200 -1256.00000
-00.000000257000 -1256.00000
-00.000000256800 -1264.00000
-00.000000256600 -1264.00000
-00.000000256400 -1256.00000
-00.000000256200 -1256.00000
-00.000000256000 -1256.00000
-00.000000255800 -1256.00000
-00.000000255600 -1256.00000
-00.000000255400 -1256.00000
-00.000000255200 -1248.00000
-00.000000255000 -1256.00000
-00.000000254800 -1256.00000
-00.000000254600 -1256.00000
-00.000000254400 -1256.00000
-00.000000254200 -1256.00000
-00.000000254000 -1256.00000
-00.000000253800 -1256.00000
-00.000000253600 -1256.00000
-00.000000253400 -1256.00000
-00.000000253200 -1248.00000
-00.000000253000 -1248.00000
-00.000000252800 -1248.00000
-00.000000252600 -1248.00000
-00.000000252400 -1240.00000
-00.000000252200 -1240.00000
-00.000000252000 -1248.00000
-00.000000251800 -1248.00000
-00.000000251600 -1248.00000
-00.000000251400 -1248.00000
-00.000000251200 -1248.00000
-00.000000251000 -1248.00000
-00.000000250800 -1248.00000
-00.000000250600 -1248.00000
-00.000000250400 -1248.00000
-00.000000250200 -1248.00000
-00.000000250000 -1256.00000
-00.000000249800 -1256.00000
-00.000000249600 -1256.00000
-00.000000249400 -1256.00000
-00.000000249200 -1256.00000
-00.000000249000 -1256.00000
-00.000000248800 -1256.00000
-00.000000248600 -1256.00000
-00.000000248400 -1256.00000
-00.000000248200 -1248.00000
-00.000000248000 -1248.00000
-00.000000247800 -1248.00000
-00.000000247600 -1248.00000
-00.000000247400 -1248.00000
-00.000000247200 -1248.00000
-00.000000247000 -1248.00000
-00.000000246800 -1248.00000
-00.000000246600 -1248.00000
-00.000000246400 -1248.00000
-00.000000246200 -1248.00000
-00.000000246000 -1248.00000
-00.000000245800 -1248.00000
-00.000000245600 -1248.00000
-00.000000245400 -1248.00000
-00.000000245200 -1240.00000
-00.000000245000 -1248.00000
-00.000000244800 -1248.00000
-00.000000244600 -1248.00000
-00.000000244400 -1248.00000
-00.000000244200 -1248.00000
-00.000000244000 -1256.00000
-00.000000243800 -1256.00000
-00.000000243600 -1256.00000
-00.000000243400 -1256.00000
-00.000000243200 -1248.00000
-00.000000243000 -1248.00000
-00.000000242800 -1248.00000
-00.000000242600 -1240.00000
-00.000000242400 -1240.00000
-00.000000242200 -1232.00000
-00.000000242000 -1232.00000
-00.000000241800 -1232.00000
-00.000000241600 -1232.00000
-00.000000241400 -1232.00000
-00.000000241200 -1232.00000
-00.000000241000 -1240.00000
-00.000000240800 -1240.00000
-00.000000240600 -1240.00000
-00.000000240400 -1240.00000
-00.000000240200 -1240.00000
-00.000000240000 -1248.00000
-00.000000239800 -1248.00000
-00.000000239600 -1248.00000
-00.000000239400 -1248.00000
-00.000000239200 -1240.00000
-00.000000239000 -1240.00000
-00.000000238800 -1240.00000
-00.000000238600 -1232.00000
-00.000000238400 -1232.00000
-00.000000238200 -1224.00000
-00.000000238000 -1224.00000
-00.000000237800 -1224.00000
-00.000000237600 -1224.00000
-00.000000237400 -1224.00000
-00.000000237200 -1224.00000
-00.000000237000 -1232.00000
-00.000000236800 -1232.00000
-00.000000236600 -1232.00000
-00.000000236400 -1232.00000
-00.000000236200 -1232.00000
-00.000000236000 -1240.00000
-00.000000235800 -1240.00000
-00.000000235600 -1240.00000
-00.000000235400 -1240.00000
-00.000000235200 -1232.00000
-00.000000235000 -1232.00000
-00.000000234800 -1232.00000
-00.000000234600 -1224.00000
-00.000000234400 -1224.00000
-00.000000234200 -1216.00000
-00.000000234000 -1224.00000
-00.000000233800 -1224.00000
-00.000000233600 -1224.00000
-00.000000233400 -1224.00000
-00.000000233200 -1224.00000
-00.000000233000 -1224.00000
-00.000000232800 -1224.00000
-00.000000232600 -1216.00000
-00.000000232400 -1216.00000
-00.000000232200 -1208.00000
-00.000000232000 -1208.00000
-00.000000231800 -1200.00000
-00.000000231600 -1200.00000
-00.000000231400 -1200.00000
-00.000000231200 -1192.00000
-00.000000231000 -1192.00000
-00.000000230800 -1192.00000
-00.000000230600 -1192.00000
-00.000000230400 -1192.00000
-00.000000230200 -1192.00000
-00.000000230000 -1192.00000
-00.000000229800 -1200.00000
-00.000000229600 -1200.00000
-00.000000229400 -1192.00000
-00.000000229200 -1192.00000
-00.000000229000 -1192.00000
-00.000000228800 -1192.00000
-00.000000228600 -1184.00000
-00.000000228400 -1184.00000
-00.000000228200 -1176.00000
-00.000000228000 -1176.00000
-00.000000227800 -1176.00000
-00.000000227600 -1176.00000
-00.000000227400 -1176.00000
-00.000000227200 -1168.00000
-00.000000227000 -1168.00000
-00.000000226800 -1168.00000
-00.000000226600 -1168.00000
-00.000000226400 -1168.00000
-00.000000226200 -1160.00000
-00.000000226000 -1160.00000
-00.000000225800 -1152.00000
-00.000000225600 -1152.00000
-00.000000225400 -1144.00000
-00.000000225200 -1136.00000
-00.000000225000 -1136.00000
-00.000000224800 -1136.00000
-00.000000224600 -1128.00000
-00.000000224400 -1128.00000
-00.000000224200 -1120.00000
-00.000000224000 -1120.00000
-00.000000223800 -1120.00000
-00.000000223600 -1112.00000
-00.000000223400 -1112.00000
-00.000000223200 -1104.00000
-00.000000223000 -1104.00000
-00.000000222800 -1096.00000
-00.000000222600 -1096.00000
-00.000000222400 -1088.00000
-00.000000222200 -1080.00000
-00.000000222000 -1080.00000
-00.000000221800 -1072.00000
-00.000000221600 -1072.00000
-00.000000221400 -1072.00000
-00.000000221200 -1064.00000
-00.000000221000 -1064.00000
-00.000000220800 -1064.00000
-00.000000220600 -1064.00000
-00.000000220400 -1064.00000
-00.000000220200 -1056.00000
-00.000000220000 -1056.00000
-00.000000219800 -1048.00000
-00.000000219600 -1048.00000
-00.000000219400 -1040.00000
-00.000000219200 -1032.00000
-00.000000219000 -1032.00000
-00.000000218800 -1032.00000
-00.000000218600 -1024.00000
-00.000000218400 -1024.00000
-00.000000218200 -1016.00000
-00.000000218000 -1016.00000
-00.000000217800 -1016.00000
-00.000000217600 -1008.00000
-00.000000217400 -1008.00000
-00.000000217200 -1000.00000
-00.000000217000 -1000.00000
-00.000000216800 -992.00000
-00.000000216600 -984.00000
-00.000000216400 -984.00000
-00.000000216200 -976.00000
-00.000000216000 -976.00000
-00.000000215800 -976.00000
-00.000000215600 -976.00000
-00.000000215400 -976.00000
-00.000000215200 -968.00000
-00.000000215000 -968.00000
-00.000000214800 -968.00000
-00.000000214600 -960.00000
-00.000000214400 -960.00000
-00.000000214200 -952.00000
-00.000000214000 -952.00000
-00.000000213800 -952.00000
-00.000000213600 -944.00000
-00.000000213400 -944.00000
-00.000000213200 -936.00000
-00.000000213000 -936.00000
-00.000000212800 -928.00000
-00.000000212600 -920.00000
-00.000000212400 -912.00000
-00.000000212200 -904.00000
-00.000000212000 -904.00000
-00.000000211800 -904.00000
-00.000000211600 -904.00000
-00.000000211400 -896.00000
-00.000000211200 -896.00000
-00.000000211000 -896.00000
-00.000000210800 -896.00000
-00.000000210600 -896.00000
-00.000000210400 -896.00000
-00.000000210200 -888.00000
-00.000000210000 -888.00000
-00.000000209800 -880.00000
-00.000000209600 -880.00000
-00.000000209400 -872.00000
-00.000000209200 -864.00000
-00.000000209000 -864.00000
-00.000000208800 -864.00000
-00.000000208600 -856.00000
-00.000000208400 -856.00000
-00.000000208200 -848.00000
-00.000000208000 -848.00000
-00.000000207800 -848.00000
-00.000000207600 -840.00000
-00.000000207400 -840.00000
-00.000000207200 -832.00000
-00.000000207000 -832.00000
-00.000000206800 -824.00000
-00.000000206600 -816.00000
-00.000000206400 -808.00000
-00.000000206200 -800.00000
-00.000000206000 -800.00000
-00.000000205800 -792.00000
-00.000000205600 -792.00000
-00.000000205400 -792.00000
-00.000000205200 -784.00000
-00.000000205000 -784.00000
-00.000000204800 -784.00000
-00.000000204600 -776.00000
-00.000000204400 -776.00000
-00.000000204200 -768.00000
-00.000000204000 -768.00000
-00.000000203800 -768.00000
-00.000000203600 -760.00000
-00.000000203400 -760.00000
-00.000000203200 -752.00000
-00.000000203000 -752.00000
-00.000000202800 -752.00000
-00.000000202600 -744.00000
-00.000000202400 -744.00000
-00.000000202200 -736.00000
-00.000000202000 -736.00000
-00.000000201800 -736.00000
-00.000000201600 -736.00000
-00.000000201400 -736.00000
-00.000000201200 -728.00000
-00.000000201000 -728.00000
-00.000000200800 -728.00000
-00.000000200600 -728.00000
-00.000000200400 -728.00000
-00.000000200200 -720.00000
-00.000000200000 -720.00000
-00.000000199800 -712.00000
-00.000000199600 -712.00000
-00.000000199400 -704.00000
-00.000000199200 -696.00000
-00.000000199000 -696.00000
-00.000000198800 -688.00000
-00.000000198600 -688.00000
-00.000000198400 -688.00000
-00.000000198200 -680.00000
-00.000000198000 -680.00000
-00.000000197800 -680.00000
-00.000000197600 -680.00000
-00.000000197400 -680.00000
-00.000000197200 -672.00000
-00.000000197000 -672.00000
-00.000000196800 -672.00000
-00.000000196600 -664.00000
-00.000000196400 -664.00000
-00.000000196200 -656.00000
-00.000000196000 -656.00000
-00.000000195800 -656.00000
-00.000000195600 -656.00000
-00.000000195400 -656.00000
-00.000000195200 -648.00000
-00.000000195000 -648.00000
-00.000000194800 -648.00000
-00.000000194600 -640.00000
-00.000000194400 -640.00000
-00.000000194200 -632.00000
-00.000000194000 -632.00000
-00.000000193800 -624.00000
-00.000000193600 -624.00000
-00.000000193400 -624.00000
-00.000000193200 -616.00000
-00.000000193000 -616.00000
-00.000000192800 -616.00000
-00.000000192600 -616.00000
-00.000000192400 -616.00000
-00.000000192200 -616.00000
-00.000000192000 -616.00000
-00.000000191800 -616.00000
-00.000000191600 -608.00000
-00.000000191400 -608.00000
-00.000000191200 -600.00000
-00.000000191000 -600.00000
-00.000000190800 -600.00000
-00.000000190600 -600.00000
-00.000000190400 -600.00000
-00.000000190200 -600.00000
-00.000000190000 -600.00000
-00.000000189800 -600.00000
-00.000000189600 -600.00000
-00.000000189400 -600.00000
-00.000000189200 -592.00000
-00.000000189000 -592.00000
-00.000000188800 -592.00000
-00.000000188600 -592.00000
-00.000000188400 -592.00000
-00.000000188200 -584.00000
-00.000000188000 -584.00000
-00.000000187800 -584.00000
-00.000000187600 -584.00000
-00.000000187400 -584.00000
-00.000000187200 -576.00000
-00.000000187000 -576.00000
-00.000000186800 -576.00000
-00.000000186600 -576.00000
-00.000000186400 -576.00000
-00.000000186200 -576.00000
-00.000000186000 -576.00000
-00.000000185800 -576.00000
-00.000000185600 -576.00000
-00.000000185400 -576.00000
-00.000000185200 -576.00000
-00.000000185000 -576.00000
-00.000000184800 -576.00000
-00.000000184600 -576.00000
-00.000000184400 -576.00000
-00.000000184200 -568.00000
-00.000000184000 -568.00000
-00.000000183800 -568.00000
-00.000000183600 -568.00000
-00.000000183400 -568.00000
-00.000000183200 -568.00000
-00.000000183000 -568.00000
-00.000000182800 -568.00000
-00.000000182600 -568.00000
-00.000000182400 -568.00000
-00.000000182200 -568.00000
-00.000000182000 -568.00000
-00.000000181800 -568.00000
-00.000000181600 -568.00000
-00.000000181400 -568.00000
-00.000000181200 -568.00000
-00.000000181000 -568.00000
-00.000000180800 -568.00000
-00.000000180600 -568.00000
-00.000000180400 -568.00000
-00.000000180200 -568.00000
-00.000000180000 -568.00000
-00.000000179800 -568.00000
-00.000000179600 -568.00000
-00.000000179400 -568.00000
-00.000000179200 -560.00000
-00.000000179000 -560.00000
-00.000000178800 -560.00000
-00.000000178600 -560.00000
-00.000000178400 -560.00000
-00.000000178200 -560.00000
-00.000000178000 -568.00000
-00.000000177800 -568.00000
-00.000000177600 -568.00000
-00.000000177400 -568.00000
-00.000000177200 -568.00000
-00.000000177000 -568.00000
-00.000000176800 -568.00000
-00.000000176600 -568.00000
-00.000000176400 -568.00000
-00.000000176200 -568.00000
-00.000000176000 -568.00000
-00.000000175800 -568.00000
-00.000000175600 -568.00000
-00.000000175400 -568.00000
-00.000000175200 -568.00000
-00.000000175000 -568.00000
-00.000000174800 -568.00000
-00.000000174600 -568.00000
-00.000000174400 -568.00000
-00.000000174200 -560.00000
-00.000000174000 -560.00000
-00.000000173800 -560.00000
-00.000000173600 -560.00000
-00.000000173400 -560.00000
-00.000000173200 -560.00000
-00.000000173000 -568.00000
-00.000000172800 -568.00000
-00.000000172600 -568.00000
-00.000000172400 -568.00000
-00.000000172200 -568.00000
-00.000000172000 -568.00000
-00.000000171800 -576.00000
-00.000000171600 -576.00000
-00.000000171400 -568.00000
-00.000000171200 -568.00000
-00.000000171000 -568.00000
-00.000000170800 -568.00000
-00.000000170600 -568.00000
-00.000000170400 -568.00000
-00.000000170200 -560.00000
-00.000000170000 -568.00000
-00.000000169800 -568.00000
-00.000000169600 -568.00000
-00.000000169400 -568.00000
-00.000000169200 -568.00000
-00.000000169000 -568.00000
-00.000000168800 -568.00000
-00.000000168600 -568.00000
-00.000000168400 -568.00000
-00.000000168200 -568.00000
-00.000000168000 -576.00000
-00.000000167800 -576.00000
-00.000000167600 -576.00000
-00.000000167400 -576.00000
-00.000000167200 -576.00000
-00.000000167000 -576.00000
-00.000000166800 -584.00000
-00.000000166600 -584.00000
-00.000000166400 -576.00000
-00.000000166200 -576.00000
-00.000000166000 -576.00000
-00.000000165800 -576.00000
-00.000000165600 -576.00000
-00.000000165400 -576.00000
-00.000000165200 -568.00000
-00.000000165000 -568.00000
-00.000000164800 -568.00000
-00.000000164600 -568.00000
-00.000000164400 -568.00000
-00.000000164200 -568.00000
-00.000000164000 -576.00000
-00.000000163800 -576.00000
-00.000000163600 -576.00000
-00.000000163400 -576.00000
-00.000000163200 -576.00000
-00.000000163000 -576.00000
-00.000000162800 -576.00000
-00.000000162600 -576.00000
-00.000000162400 -576.00000
-00.000000162200 -568.00000
-00.000000162000 -568.00000
-00.000000161800 -568.00000
-00.000000161600 -568.00000
-00.000000161400 -568.00000
-00.000000161200 -568.00000
-00.000000161000 -576.00000
-00.000000160800 -576.00000
-00.000000160600 -576.00000
-00.000000160400 -576.00000
-00.000000160200 -576.00000
-00.000000160000 -576.00000
-00.000000159800 -584.00000
-00.000000159600 -584.00000
-00.000000159400 -576.00000
-00.000000159200 -576.00000
-00.000000159000 -576.00000
-00.000000158800 -576.00000
-00.000000158600 -576.00000
-00.000000158400 -576.00000
-00.000000158200 -568.00000
-00.000000158000 -576.00000
-00.000000157800 -576.00000
-00.000000157600 -576.00000
-00.000000157400 -576.00000
-00.000000157200 -576.00000
-00.000000157000 -576.00000
-00.000000156800 -576.00000
-00.000000156600 -576.00000
-00.000000156400 -576.00000
-00.000000156200 -568.00000
-00.000000156000 -568.00000
-00.000000155800 -568.00000
-00.000000155600 -568.00000
-00.000000155400 -568.00000
-00.000000155200 -568.00000
-00.000000155000 -576.00000
-00.000000154800 -576.00000
-00.000000154600 -576.00000
-00.000000154400 -576.00000
-00.000000154200 -576.00000
-00.000000154000 -576.00000
-00.000000153800 -576.00000
-00.000000153600 -576.00000
-00.000000153400 -576.00000
-00.000000153200 -576.00000
-00.000000153000 -576.00000
-00.000000152800 -576.00000
-00.000000152600 -576.00000
-00.000000152400 -576.00000
-00.000000152200 -576.00000
-00.000000152000 -576.00000
-00.000000151800 -576.00000
-00.000000151600 -576.00000
-00.000000151400 -576.00000
-00.000000151200 -576.00000
-00.000000151000 -576.00000
-00.000000150800 -576.00000
-00.000000150600 -576.00000
-00.000000150400 -576.00000
-00.000000150200 -576.00000
-00.000000150000 -576.00000
-00.000000149800 -576.00000
-00.000000149600 -576.00000
-00.000000149400 -576.00000
-00.000000149200 -568.00000
-00.000000149000 -576.00000
-00.000000148800 -576.00000
-00.000000148600 -576.00000
-00.000000148400 -576.00000
-00.000000148200 -576.00000
-00.000000148000 -576.00000
-00.000000147800 -584.00000
-00.000000147600 -584.00000
-00.000000147400 -576.00000
-00.000000147200 -576.00000
-00.000000147000 -576.00000
-00.000000146800 -576.00000
-00.000000146600 -576.00000
-00.000000146400 -576.00000
-00.000000146200 -568.00000
-00.000000146000 -568.00000
-00.000000145800 -568.00000
-00.000000145600 -568.00000
-00.000000145400 -568.00000
-00.000000145200 -568.00000
-00.000000145000 -576.00000
-00.000000144800 -576.00000
-00.000000144600 -576.00000
-00.000000144400 -576.00000
-00.000000144200 -576.00000
-00.000000144000 -576.00000
-00.000000143800 -576.00000
-00.000000143600 -576.00000
-00.000000143400 -576.00000
-00.000000143200 -568.00000
-00.000000143000 -576.00000
-00.000000142800 -576.00000
-00.000000142600 -576.00000
-00.000000142400 -576.00000
-00.000000142200 -576.00000
-00.000000142000 -576.00000
-00.000000141800 -576.00000
-00.000000141600 -576.00000
-00.000000141400 -576.00000
-00.000000141200 -568.00000
-00.000000141000 -568.00000
-00.000000140800 -568.00000
-00.000000140600 -568.00000
-00.000000140400 -560.00000
-00.000000140200 -560.00000
-00.000000140000 -568.00000
-00.000000139800 -568.00000
-00.000000139600 -568.00000
-00.000000139400 -568.00000
-00.000000139200 -568.00000
-00.000000139000 -568.00000
-00.000000138800 -568.00000
-00.000000138600 -568.00000
-00.000000138400 -568.00000
-00.000000138200 -568.00000
-00.000000138000 -568.00000
-00.000000137800 -568.00000
-00.000000137600 -568.00000
-00.000000137400 -568.00000
-00.000000137200 -568.00000
-00.000000137000 -568.00000
-00.000000136800 -568.00000
-00.000000136600 -568.00000
-00.000000136400 -568.00000
-00.000000136200 -568.00000
-00.000000136000 -568.00000
-00.000000135800 -568.00000
-00.000000135600 -568.00000
-00.000000135400 -568.00000
-00.000000135200 -568.00000
-00.000000135000 -568.00000
-00.000000134800 -568.00000
-00.000000134600 -568.00000
-00.000000134400 -568.00000
-00.000000134200 -568.00000
-00.000000134000 -568.00000
-00.000000133800 -568.00000
-00.000000133600 -568.00000
-00.000000133400 -568.00000
-00.000000133200 -568.00000
-00.000000133000 -568.00000
-00.000000132800 -568.00000
-00.000000132600 -568.00000
-00.000000132400 -568.00000
-00.000000132200 -568.00000
-00.000000132000 -568.00000
-00.000000131800 -568.00000
-00.000000131600 -568.00000
-00.000000131400 -568.00000
-00.000000131200 -568.00000
-00.000000131000 -568.00000
-00.000000130800 -568.00000
-00.000000130600 -568.00000
-00.000000130400 -568.00000
-00.000000130200 -560.00000
-00.000000130000 -568.00000
-00.000000129800 -568.00000
-00.000000129600 -568.00000
-00.000000129400 -568.00000
-00.000000129200 -568.00000
-00.000000129000 -568.00000
-00.000000128800 -576.00000
-00.000000128600 -576.00000
-00.000000128400 -568.00000
-00.000000128200 -568.00000
-00.000000128000 -568.00000
-00.000000127800 -568.00000
-00.000000127600 -568.00000
-00.000000127400 -568.00000
-00.000000127200 -560.00000
-00.000000127000 -560.00000
-00.000000126800 -560.00000
-00.000000126600 -560.00000
-00.000000126400 -560.00000
-00.000000126200 -560.00000
-00.000000126000 -560.00000
-00.000000125800 -560.00000
-00.000000125600 -560.00000
-00.000000125400 -560.00000
-00.000000125200 -560.00000
-00.000000125000 -560.00000
-00.000000124800 -560.00000
-00.000000124600 -560.00000
-00.000000124400 -560.00000
-00.000000124200 -552.00000
-00.000000124000 -552.00000
-00.000000123800 -552.00000
-00.000000123600 -552.00000
-00.000000123400 -552.00000
-00.000000123200 -552.00000
-00.000000123000 -552.00000
-00.000000122800 -552.00000
-00.000000122600 -552.00000
-00.000000122400 -552.00000
-00.000000122200 -544.00000
-00.000000122000 -544.00000
-00.000000121800 -544.00000
-00.000000121600 -544.00000
-00.000000121400 -544.00000
-00.000000121200 -536.00000
-00.000000121000 -536.00000
-00.000000120800 -536.00000
-00.000000120600 -536.00000
-00.000000120400 -536.00000
-00.000000120200 -536.00000
-00.000000120000 -544.00000
-00.000000119800 -544.00000
-00.000000119600 -544.00000
-00.000000119400 -544.00000
-00.000000119200 -544.00000
-00.000000119000 -544.00000
-00.000000118800 -544.00000
-00.000000118600 -544.00000
-00.000000118400 -544.00000
-00.000000118200 -536.00000
-00.000000118000 -536.00000
-00.000000117800 -536.00000
-00.000000117600 -536.00000
-00.000000117400 -536.00000
-00.000000117200 -536.00000
-00.000000117000 -536.00000
-00.000000116800 -536.00000
-00.000000116600 -536.00000
-00.000000116400 -536.00000
-00.000000116200 -528.00000
-00.000000116000 -528.00000
-00.000000115800 -528.00000
-00.000000115600 -528.00000
-00.000000115400 -520.00000
-00.000000115200 -520.00000
-00.000000115000 -528.00000
-00.000000114800 -528.00000
-00.000000114600 -528.00000
-00.000000114400 -528.00000
-00.000000114200 -528.00000
-00.000000114000 -528.00000
-00.000000113800 -536.00000
-00.000000113600 -536.00000
-00.000000113400 -528.00000
-00.000000113200 -528.00000
-00.000000113000 -528.00000
-00.000000112800 -528.00000
-00.000000112600 -528.00000
-00.000000112400 -528.00000
-00.000000112200 -520.00000
-00.000000112000 -520.00000
-00.000000111800 -520.00000
-00.000000111600 -520.00000
-00.000000111400 -520.00000
-00.000000111200 -512.00000
-00.000000111000 -512.00000
-00.000000110800 -512.00000
-00.000000110600 -512.00000
-00.000000110400 -512.00000
-00.000000110200 -512.00000
-00.000000110000 -512.00000
-00.000000109800 -512.00000
-00.000000109600 -512.00000
-00.000000109400 -512.00000
-00.000000109200 -512.00000
-00.000000109000 -512.00000
-00.000000108800 -512.00000
-00.000000108600 -512.00000
-00.000000108400 -512.00000
-00.000000108200 -504.00000
-00.000000108000 -504.00000
-00.000000107800 -504.00000
-00.000000107600 -504.00000
-00.000000107400 -504.00000
-00.000000107200 -504.00000
-00.000000107000 -504.00000
-00.000000106800 -504.00000
-00.000000106600 -504.00000
-00.000000106400 -504.00000
-00.000000106200 -496.00000
-00.000000106000 -496.00000
-00.000000105800 -496.00000
-00.000000105600 -496.00000
-00.000000105400 -496.00000
-00.000000105200 -496.00000
-00.000000105000 -496.00000
-00.000000104800 -496.00000
-00.000000104600 -496.00000
-00.000000104400 -496.00000
-00.000000104200 -488.00000
-00.000000104000 -488.00000
-00.000000103800 -488.00000
-00.000000103600 -488.00000
-00.000000103400 -488.00000
-00.000000103200 -488.00000
-00.000000103000 -488.00000
-00.000000102800 -488.00000
-00.000000102600 -488.00000
-00.000000102400 -488.00000
-00.000000102200 -480.00000
-00.000000102000 -480.00000
-00.000000101800 -480.00000
-00.000000101600 -480.00000
-00.000000101400 -480.00000
-00.000000101200 -480.00000
-00.000000101000 -488.00000
-00.000000100800 -488.00000
-00.000000100600 -488.00000
-00.000000100400 -488.00000
-00.000000100200 -488.00000
-00.000000100000 -488.00000
-00.000000099800 -488.00000
-00.000000099600 -488.00000
-00.000000099400 -488.00000
-00.000000099200 -480.00000
-00.000000099000 -480.00000
-00.000000098800 -480.00000
-00.000000098600 -480.00000
-00.000000098400 -480.00000
-00.000000098200 -472.00000
-00.000000098000 -472.00000
-00.000000097800 -472.00000
-00.000000097600 -472.00000
-00.000000097400 -472.00000
-00.000000097200 -472.00000
-00.000000097000 -472.00000
-00.000000096800 -472.00000
-00.000000096600 -472.00000
-00.000000096400 -472.00000
-00.000000096200 -472.00000
-00.000000096000 -472.00000
-00.000000095800 -472.00000
-00.000000095600 -472.00000
-00.000000095400 -472.00000
-00.000000095200 -464.00000
-00.000000095000 -464.00000
-00.000000094800 -464.00000
-00.000000094600 -464.00000
-00.000000094400 -464.00000
-00.000000094200 -464.00000
-00.000000094000 -464.00000
-00.000000093800 -464.00000
-00.000000093600 -464.00000
-00.000000093400 -464.00000
-00.000000093200 -456.00000
-00.000000093000 -464.00000
-00.000000092800 -464.00000
-00.000000092600 -464.00000
-00.000000092400 -464.00000
-00.000000092200 -464.00000
-00.000000092000 -464.00000
-00.000000091800 -464.00000
-00.000000091600 -464.00000
-00.000000091400 -464.00000
-00.000000091200 -456.00000
-00.000000091000 -464.00000
-00.000000090800 -464.00000
-00.000000090600 -464.00000
-00.000000090400 -464.00000
-00.000000090200 -464.00000
-00.000000090000 -464.00000
-00.000000089800 -464.00000
-00.000000089600 -464.00000
-00.000000089400 -464.00000
-00.000000089200 -456.00000
-00.000000089000 -456.00000
-00.000000088800 -456.00000
-00.000000088600 -456.00000
-00.000000088400 -456.00000
-00.000000088200 -456.00000
-00.000000088000 -456.00000
-00.000000087800 -456.00000
-00.000000087600 -456.00000
-00.000000087400 -456.00000
-00.000000087200 -456.00000
-00.000000087000 -456.00000
-00.000000086800 -456.00000
-00.000000086600 -456.00000
-00.000000086400 -456.00000
-00.000000086200 -456.00000
-00.000000086000 -456.00000
-00.000000085800 -456.00000
-00.000000085600 -456.00000
-00.000000085400 -456.00000
-00.000000085200 -456.00000
-00.000000085000 -464.00000
-00.000000084800 -464.00000
-00.000000084600 -464.00000
-00.000000084400 -464.00000
-00.000000084200 -464.00000
-00.000000084000 -464.00000
-00.000000083800 -464.00000
-00.000000083600 -464.00000
-00.000000083400 -464.00000
-00.000000083200 -456.00000
-00.000000083000 -456.00000
-00.000000082800 -456.00000
-00.000000082600 -456.00000
-00.000000082400 -456.00000
-00.000000082200 -448.00000
-00.000000082000 -448.00000
-00.000000081800 -448.00000
-00.000000081600 -448.00000
-00.000000081400 -448.00000
-00.000000081200 -448.00000
-00.000000081000 -448.00000
-00.000000080800 -448.00000
-00.000000080600 -448.00000
-00.000000080400 -448.00000
-00.000000080200 -448.00000
-00.000000080000 -448.00000
-00.000000079800 -448.00000
-00.000000079600 -448.00000
-00.000000079400 -448.00000
-00.000000079200 -448.00000
-00.000000079000 -448.00000
-00.000000078800 -448.00000
-00.000000078600 -448.00000
-00.000000078400 -448.00000
-00.000000078200 -448.00000
-00.000000078000 -448.00000
-00.000000077800 -448.00000
-00.000000077600 -448.00000
-00.000000077400 -448.00000
-00.000000077200 -440.00000
-00.000000077000 -440.00000
-00.000000076800 -440.00000
-00.000000076600 -440.00000
-00.000000076400 -440.00000
-00.000000076200 -440.00000
-00.000000076000 -448.00000
-00.000000075800 -448.00000
-00.000000075600 -448.00000
-00.000000075400 -448.00000
-00.000000075200 -448.00000
-00.000000075000 -448.00000
-00.000000074800 -448.00000
-00.000000074600 -448.00000
-00.000000074400 -448.00000
-00.000000074200 -448.00000
-00.000000074000 -456.00000
-00.000000073800 -456.00000
-00.000000073600 -456.00000
-00.000000073400 -456.00000
-00.000000073200 -456.00000
-00.000000073000 -456.00000
-00.000000072800 -456.00000
-00.000000072600 -456.00000
-00.000000072400 -456.00000
-00.000000072200 -448.00000
-00.000000072000 -448.00000
-00.000000071800 -448.00000
-00.000000071600 -448.00000
-00.000000071400 -448.00000
-00.000000071200 -448.00000
-00.000000071000 -448.00000
-00.000000070800 -448.00000
-00.000000070600 -448.00000
-00.000000070400 -448.00000
-00.000000070200 -440.00000
-00.000000070000 -448.00000
-00.000000069800 -448.00000
-00.000000069600 -448.00000
-00.000000069400 -448.00000
-00.000000069200 -448.00000
-00.000000069000 -448.00000
-00.000000068800 -448.00000
-00.000000068600 -448.00000
-00.000000068400 -448.00000
-00.000000068200 -448.00000
-00.000000068000 -448.00000
-00.000000067800 -448.00000
-00.000000067600 -448.00000
-00.000000067400 -448.00000
-00.000000067200 -448.00000
-00.000000067000 -448.00000
-00.000000066800 -448.00000
-00.000000066600 -448.00000
-00.000000066400 -448.00000
-00.000000066200 -440.00000
-00.000000066000 -440.00000
-00.000000065800 -440.00000
-00.000000065600 -440.00000
-00.000000065400 -440.00000
-00.000000065200 -440.00000
-00.000000065000 -448.00000
-00.000000064800 -448.00000
-00.000000064600 -448.00000
-00.000000064400 -448.00000
-00.000000064200 -448.00000
-00.000000064000 -448.00000
-00.000000063800 -448.00000
-00.000000063600 -448.00000
-00.000000063400 -448.00000
-00.000000063200 -448.00000
-00.000000063000 -448.00000
-00.000000062800 -448.00000
-00.000000062600 -448.00000
-00.000000062400 -448.00000
-00.000000062200 -448.00000
-00.000000062000 -456.00000
-00.000000061800 -456.00000
-00.000000061600 -456.00000
-00.000000061400 -456.00000
-00.000000061200 -456.00000
-00.000000061000 -456.00000
-00.000000060800 -464.00000
-00.000000060600 -464.00000
-00.000000060400 -456.00000
-00.000000060200 -456.00000
-00.000000060000 -456.00000
-00.000000059800 -456.00000
-00.000000059600 -456.00000
-00.000000059400 -456.00000
-00.000000059200 -448.00000
-00.000000059000 -448.00000
-00.000000058800 -448.00000
-00.000000058600 -448.00000
-00.000000058400 -448.00000
-00.000000058200 -448.00000
-00.000000058000 -456.00000
-00.000000057800 -456.00000
-00.000000057600 -456.00000
-00.000000057400 -456.00000
-00.000000057200 -456.00000
-00.000000057000 -456.00000
-00.000000056800 -456.00000
-00.000000056600 -448.00000
-00.000000056400 -448.00000
-00.000000056200 -440.00000
-00.000000056000 -440.00000
-00.000000055800 -440.00000
-00.000000055600 -440.00000
-00.000000055400 -440.00000
-00.000000055200 -440.00000
-00.000000055000 -448.00000
-00.000000054800 -448.00000
-00.000000054600 -448.00000
-00.000000054400 -448.00000
-00.000000054200 -448.00000
-00.000000054000 -448.00000
-00.000000053800 -448.00000
-00.000000053600 -448.00000
-00.000000053400 -448.00000
-00.000000053200 -448.00000
-00.000000053000 -448.00000
-00.000000052800 -448.00000
-00.000000052600 -448.00000
-00.000000052400 -448.00000
-00.000000052200 -448.00000
-00.000000052000 -448.00000
-00.000000051800 -448.00000
-00.000000051600 -448.00000
-00.000000051400 -448.00000
-00.000000051200 -440.00000
-00.000000051000 -440.00000
-00.000000050800 -440.00000
-00.000000050600 -440.00000
-00.000000050400 -440.00000
-00.000000050200 -440.00000
-00.000000050000 -448.00000
-00.000000049800 -448.00000
-00.000000049600 -448.00000
-00.000000049400 -448.00000
-00.000000049200 -448.00000
-00.000000049000 -448.00000
-00.000000048800 -448.00000
-00.000000048600 -448.00000
-00.000000048400 -448.00000
-00.000000048200 -440.00000
-00.000000048000 -440.00000
-00.000000047800 -440.00000
-00.000000047600 -440.00000
-00.000000047400 -440.00000
-00.000000047200 -432.00000
-00.000000047000 -432.00000
-00.000000046800 -432.00000
-00.000000046600 -432.00000
-00.000000046400 -432.00000
-00.000000046200 -432.00000
-00.000000046000 -440.00000
-00.000000045800 -440.00000
-00.000000045600 -440.00000
-00.000000045400 -440.00000
-00.000000045200 -440.00000
-00.000000045000 -448.00000
-00.000000044800 -448.00000
-00.000000044600 -448.00000
-00.000000044400 -448.00000
-00.000000044200 -448.00000
-00.000000044000 -448.00000
-00.000000043800 -448.00000
-00.000000043600 -448.00000
-00.000000043400 -448.00000
-00.000000043200 -440.00000
-00.000000043000 -440.00000
-00.000000042800 -440.00000
-00.000000042600 -440.00000
-00.000000042400 -432.00000
-00.000000042200 -432.00000
-00.000000042000 -440.00000
-00.000000041800 -440.00000
-00.000000041600 -440.00000
-00.000000041400 -440.00000
-00.000000041200 -440.00000
-00.000000041000 -440.00000
-00.000000040800 -440.00000
-00.000000040600 -440.00000
-00.000000040400 -440.00000
-00.000000040200 -432.00000
-00.000000040000 -440.00000
-00.000000039800 -440.00000
-00.000000039600 -440.00000
-00.000000039400 -440.00000
-00.000000039200 -440.00000
-00.000000039000 -440.00000
-00.000000038800 -448.00000
-00.000000038600 -448.00000
-00.000000038400 -440.00000
-00.000000038200 -440.00000
-00.000000038000 -440.00000
-00.000000037800 -440.00000
-00.000000037600 -440.00000
-00.000000037400 -440.00000
-00.000000037200 -432.00000
-00.000000037000 -432.00000
-00.000000036800 -432.00000
-00.000000036600 -432.00000
-00.000000036400 -432.00000
-00.000000036200 -432.00000
-00.000000036000 -432.00000
-00.000000035800 -432.00000
-00.000000035600 -432.00000
-00.000000035400 -432.00000
-00.000000035200 -424.00000
-00.000000035000 -424.00000
-00.000000034800 -424.00000
-00.000000034600 -424.00000
-00.000000034400 -424.00000
-00.000000034200 -424.00000
-00.000000034000 -424.00000
-00.000000033800 -424.00000
-00.000000033600 -424.00000
-00.000000033400 -424.00000
-00.000000033200 -424.00000
-00.000000033000 -424.00000
-00.000000032800 -424.00000
-00.000000032600 -424.00000
-00.000000032400 -424.00000
-00.000000032200 -416.00000
-00.000000032000 -416.00000
-00.000000031800 -416.00000
-00.000000031600 -416.00000
-00.000000031400 -416.00000
-00.000000031200 -416.00000
-00.000000031000 -416.00000
-00.000000030800 -424.00000
-00.000000030600 -424.00000
-00.000000030400 -416.00000
-00.000000030200 -416.00000
-00.000000030000 -416.00000
-00.000000029800 -416.00000
-00.000000029600 -408.00000
-00.000000029400 -408.00000
-00.000000029200 -400.00000
-00.000000029000 -400.00000
-00.000000028800 -400.00000
-00.000000028600 -400.00000
-00.000000028400 -400.00000
-00.000000028200 -400.00000
-00.000000028000 -400.00000
-00.000000027800 -400.00000
-00.000000027600 -400.00000
-00.000000027400 -400.00000
-00.000000027200 -400.00000
-00.000000027000 -400.00000
-00.000000026800 -400.00000
-00.000000026600 -400.00000
-00.000000026400 -400.00000
-00.000000026200 -392.00000
-00.000000026000 -392.00000
-00.000000025800 -392.00000
-00.000000025600 -392.00000
-00.000000025400 -392.00000
-00.000000025200 -384.00000
-00.000000025000 -384.00000
-00.000000024800 -384.00000
-00.000000024600 -376.00000
-00.000000024400 -376.00000
-00.000000024200 -368.00000
-00.000000024000 -368.00000
-00.000000023800 -368.00000
-00.000000023600 -368.00000
-00.000000023400 -368.00000
-00.000000023200 -360.00000
-00.000000023000 -360.00000
-00.000000022800 -360.00000
-00.000000022600 -360.00000
-00.000000022400 -360.00000
-00.000000022200 -352.00000
-00.000000022000 -352.00000
-00.000000021800 -352.00000
-00.000000021600 -344.00000
-00.000000021400 -344.00000
-00.000000021200 -336.00000
-00.000000021000 -336.00000
-00.000000020800 -336.00000
-00.000000020600 -336.00000
-00.000000020400 -336.00000
-00.000000020200 -328.00000
-00.000000020000 -328.00000
-00.000000019800 -328.00000
-00.000000019600 -320.00000
-00.000000019400 -320.00000
-00.000000019200 -312.00000
-00.000000019000 -312.00000
-00.000000018800 -312.00000
-00.000000018600 -312.00000
-00.000000018400 -312.00000
-00.000000018200 -304.00000
-00.000000018000 -304.00000
-00.000000017800 -304.00000
-00.000000017600 -304.00000
-00.000000017400 -304.00000
-00.000000017200 -296.00000
-00.000000017000 -296.00000
-00.000000016800 -296.00000
-00.000000016600 -288.00000
-00.000000016400 -288.00000
-00.000000016200 -280.00000
-00.000000016000 -280.00000
-00.000000015800 -280.00000
-00.000000015600 -272.00000
-00.000000015400 -272.00000
-00.000000015200 -264.00000
-00.000000015000 -264.00000
-00.000000014800 -264.00000
-00.000000014600 -264.00000
-00.000000014400 -264.00000
-00.000000014200 -256.00000
-00.000000014000 -256.00000
-00.000000013800 -256.00000
-00.000000013600 -248.00000
-00.000000013400 -248.00000
-00.000000013200 -240.00000
-00.000000013000 -240.00000
-00.000000012800 -240.00000
-00.000000012600 -232.00000
-00.000000012400 -232.00000
-00.000000012200 -224.00000
-00.000000012000 -224.00000
-00.000000011800 -216.00000
-00.000000011600 -208.00000
-00.000000011400 -208.00000
-00.000000011200 -200.00000
-00.000000011000 -200.00000
-00.000000010800 -200.00000
-00.000000010600 -200.00000
-00.000000010400 -192.00000
-00.000000010200 -192.00000
-00.000000010000 -192.00000
-00.000000009800 -192.00000
-00.000000009600 -192.00000
-00.000000009400 -192.00000
-00.000000009200 -184.00000
-00.000000009000 -184.00000
-00.000000008800 -184.00000
-00.000000008600 -176.00000
-00.000000008400 -176.00000
-00.000000008200 -168.00000
-00.000000008000 -168.00000
-00.000000007800 -168.00000
-00.000000007600 -160.00000
-00.000000007400 -160.00000
-00.000000007200 -152.00000
-00.000000007000 -152.00000
-00.000000006800 -152.00000
-00.000000006600 -144.00000
-00.000000006400 -144.00000
-00.000000006200 -136.00000
-00.000000006000 -136.00000
-00.000000005800 -136.00000
-00.000000005600 -128.00000
-00.000000005400 -128.00000
-00.000000005200 -120.00000
-00.000000005000 -120.00000
-00.000000004800 -120.00000
-00.000000004600 -112.00000
-00.000000004400 -112.00000
-00.000000004200 -104.00000
-00.000000004000 -104.00000
-00.000000003800 -104.00000
-00.000000003600  -96.00000
-00.000000003400  -96.00000
-00.000000003200  -88.00000
-00.000000003000  -88.00000
-00.000000002800  -88.00000
-00.000000002600  -88.00000
-00.000000002400  -88.00000
-00.000000002200  -80.00000
-00.000000002000  -80.00000
-00.000000001800  -80.00000
-00.000000001600  -80.00000
-00.000000001400  -80.00000
-00.000000001200  -72.00000
-00.000000001000  -72.00000
-00.000000000800  -72.00000
-00.000000000600  -64.00000
-00.000000000400  -64.00000
-00.000000000200  -56.00000
-00.000000000000  -56.00000
00.000000000200  -56.00000
00.000000000400  -56.00000
00.000000000600  -56.00000
00.000000000800  -48.00000
00.000000001000  -48.00000
00.000000001200  -48.00000
00.000000001400  -40.00000
00.000000001600  -40.00000
00.000000001800  -32.00000
00.000000002000  -32.00000
00.000000002200  -32.00000
00.000000002400  -24.00000
00.000000002600  -24.00000
00.000000002800  -16.00000
00.000000003000  -16.00000
00.000000003200  -16.00000
00.000000003400   -8.00000
00.000000003600   -8.00000
00.000000003800    0.00000
00.000000004000    0.00000
00.000000004200    0.00000
00.000000004400    8.00000
00.000000004600    8.00000
00.000000004800   16.00000
00.000000005000   16.00000
00.000000005200   16.00000
00.000000005400   16.00000
00.000000005600   16.00000
00.000000005800   24.00000
00.000000006000   24.00000
00.000000006200   24.00000
00.000000006400   32.00000
00.000000006600   32.00000
00.000000006800   40.00000
00.000000007000   40.00000
00.000000007200   40.00000
00.000000007400   40.00000
00.000000007600   40.00000
00.000000007800   48.00000
00.000000008000   48.00000
00.000000008200   48.00000
00.000000008400   48.00000
00.000000008600   48.00000
00.000000008800   56.00000
00.000000009000   56.00000
00.000000009200   56.00000
00.000000009400   56.00000
00.000000009600   56.00000
00.000000009800   64.00000
00.000000010000   64.00000
00.000000010200   64.00000
00.000000010400   64.00000
00.000000010600   64.00000
00.000000010800   72.00000
00.000000011000   72.00000
00.000000011200   72.00000
00.000000011400   72.00000
00.000000011600   72.00000
00.000000011800   80.00000
00.000000012000   80.00000
00.000000012200   80.00000
00.000000012400   80.00000
00.000000012600   80.00000
00.000000012800   80.00000
00.000000013000   80.00000
00.000000013200   80.00000
00.000000013400   80.00000
00.000000013600   80.00000
00.000000013800   80.00000
00.000000014000   80.00000
00.000000014200   80.00000
00.000000014400   80.00000
00.000000014600   80.00000
00.000000014800   88.00000
00.000000015000   88.00000
00.000000015200   88.00000
00.000000015400   88.00000
00.000000015600   88.00000
00.000000015800   96.00000
00.000000016000   96.00000
00.000000016200   96.00000
00.000000016400   96.00000
00.000000016600   96.00000
00.000000016800   96.00000
00.000000017000   96.00000
00.000000017200   96.00000
00.000000017400   96.00000
00.000000017600   96.00000
00.000000017800  104.00000
00.000000018000  104.00000
00.000000018200  104.00000
00.000000018400  104.00000
00.000000018600  104.00000
00.000000018800  112.00000
00.000000019000  112.00000
00.000000019200  112.00000
00.000000019400  112.00000
00.000000019600  112.00000
00.000000019800  120.00000
00.000000020000  120.00000
00.000000020200  120.00000
00.000000020400  128.00000
00.000000020600  128.00000
00.000000020800  136.00000
00.000000021000  136.00000
00.000000021200  136.00000
00.000000021400  136.00000
00.000000021600  136.00000
00.000000021800  136.00000
00.000000022000  128.00000
00.000000022200  128.00000
00.000000022400  120.00000
00.000000022600  120.00000
00.000000022800  120.00000
00.000000023000  112.00000
00.000000023200  112.00000
00.000000023400  112.00000
00.000000023600  112.00000
00.000000023800  120.00000
00.000000024000  120.00000
00.000000024200  120.00000
00.000000024400  120.00000
00.000000024600  120.00000
00.000000024800  128.00000
00.000000025000  128.00000
00.000000025200  128.00000
00.000000025400  128.00000
00.000000025600  136.00000
00.000000025800  136.00000
00.000000026000  128.00000
00.000000026200  128.00000
00.000000026400  128.00000
00.000000026600  128.00000
00.000000026800  128.00000
00.000000027000  128.00000
00.000000027200  128.00000
00.000000027400  128.00000
00.000000027600  128.00000
00.000000027800  136.00000
00.000000028000  136.00000
00.000000028200  136.00000
00.000000028400  136.00000
00.000000028600  136.00000
00.000000028800  136.00000
00.000000029000  136.00000
00.000000029200  136.00000
00.000000029400  136.00000
00.000000029600  136.00000
00.000000029800  136.00000
00.000000030000  128.00000
00.000000030200  128.00000
00.000000030400  128.00000
00.000000030600  128.00000
00.000000030800  128.00000
00.000000031000  128.00000
00.000000031200  128.00000
00.000000031400  128.00000
00.000000031600  128.00000
00.000000031800  128.00000
00.000000032000  128.00000
00.000000032200  128.00000
00.000000032400  128.00000
00.000000032600  128.00000
00.000000032800  128.00000
00.000000033000  128.00000
00.000000033200  128.00000
00.000000033400  128.00000
00.000000033600  128.00000
00.000000033800  136.00000
00.000000034000  136.00000
00.000000034200  136.00000
00.000000034400  136.00000
00.000000034600  136.00000
00.000000034800  136.00000
00.000000035000  128.00000
00.000000035200  128.00000
00.000000035400  128.00000
00.000000035600  128.00000
00.000000035800  128.00000
00.000000036000  128.00000
00.000000036200  128.00000
00.000000036400  128.00000
00.000000036600  128.00000
00.000000036800  136.00000
00.000000037000  136.00000
00.000000037200  136.00000
00.000000037400  136.00000
00.000000037600  136.00000
00.000000037800  136.00000
00.000000038000  128.00000
00.000000038200  128.00000
00.000000038400  128.00000
00.000000038600  128.00000
00.000000038800  128.00000
00.000000039000  128.00000
00.000000039200  128.00000
00.000000039400  128.00000
00.000000039600  128.00000
00.000000039800  136.00000
00.000000040000  136.00000
00.000000040200  136.00000
00.000000040400  136.00000
00.000000040600  136.00000
00.000000040800  136.00000
00.000000041000  128.00000
00.000000041200  128.00000
00.000000041400  128.00000
00.000000041600  128.00000
00.000000041800  128.00000
00.000000042000  128.00000
00.000000042200  128.00000
00.000000042400  128.00000
00.000000042600  128.00000
00.000000042800  136.00000
00.000000043000  128.00000
00.000000043200  128.00000
00.000000043400  128.00000
00.000000043600  128.00000
00.000000043800  128.00000
00.000000044000  128.00000
00.000000044200  128.00000
00.000000044400  136.00000
00.000000044600  136.00000
00.000000044800  144.00000
00.000000045000  144.00000
00.000000045200  144.00000
00.000000045400  144.00000
00.000000045600  144.00000
00.000000045800  144.00000
00.000000046000  136.00000
00.000000046200  136.00000
00.000000046400  136.00000
00.000000046600  136.00000
00.000000046800  136.00000
00.000000047000  136.00000
00.000000047200  136.00000
00.000000047400  136.00000
00.000000047600  136.00000
00.000000047800  144.00000
00.000000048000  136.00000
00.000000048200  136.00000
00.000000048400  136.00000
00.000000048600  136.00000
00.000000048800  136.00000
00.000000049000  136.00000
00.000000049200  128.00000
00.000000049400  128.00000
00.000000049600  136.00000
00.000000049800  136.00000
00.000000050000  136.00000
00.000000050200  136.00000
00.000000050400  136.00000
00.000000050600  136.00000
00.000000050800  144.00000
00.000000051000  136.00000
00.000000051200  136.00000
00.000000051400  136.00000
00.000000051600  136.00000
00.000000051800  136.00000
00.000000052000  128.00000
00.000000052200  128.00000
00.000000052400  128.00000
00.000000052600  128.00000
00.000000052800  136.00000
00.000000053000  136.00000
00.000000053200  136.00000
00.000000053400  144.00000
00.000000053600  144.00000
00.000000053800  152.00000
00.000000054000  152.00000
00.000000054200  152.00000
00.000000054400  152.00000
00.000000054600  152.00000
00.000000054800  152.00000
00.000000055000  144.00000
00.000000055200  144.00000
00.000000055400  144.00000
00.000000055600  144.00000
00.000000055800  144.00000
00.000000056000  144.00000
00.000000056200  144.00000
00.000000056400  144.00000
00.000000056600  144.00000
00.000000056800  152.00000
00.000000057000  144.00000
00.000000057200  144.00000
00.000000057400  144.00000
00.000000057600  144.00000
00.000000057800  144.00000
00.000000058000  144.00000
00.000000058200  144.00000
00.000000058400  144.00000
00.000000058600  144.00000
00.000000058800  144.00000
00.000000059000  136.00000
00.000000059200  136.00000
00.000000059400  136.00000
00.000000059600  136.00000
00.000000059800  136.00000
00.000000060000  136.00000
00.000000060200  136.00000
00.000000060400  136.00000
00.000000060600  136.00000
00.000000060800  136.00000
00.000000061000  136.00000
00.000000061200  136.00000
00.000000061400  136.00000
00.000000061600  136.00000
00.000000061800  136.00000
00.000000062000  136.00000
00.000000062200  136.00000
00.000000062400  136.00000
00.000000062600  136.00000
00.000000062800  136.00000
00.000000063000  136.00000
00.000000063200  136.00000
00.000000063400  136.00000
00.000000063600  136.00000
00.000000063800  144.00000
00.000000064000  136.00000
00.000000064200  136.00000
00.000000064400  136.00000
00.000000064600  136.00000
00.000000064800  136.00000
00.000000065000  136.00000
00.000000065200  128.00000
00.000000065400  128.00000
00.000000065600  136.00000
00.000000065800  136.00000
00.000000066000  136.00000
00.000000066200  136.00000
00.000000066400  136.00000
00.000000066600  136.00000
00.000000066800  144.00000
00.000000067000  144.00000
00.000000067200  136.00000
00.000000067400  136.00000
00.000000067600  136.00000
00.000000067800  136.00000
00.000000068000  128.00000
00.000000068200  128.00000
00.000000068400  128.00000
00.000000068600  128.00000
00.000000068800  128.00000
00.000000069000  128.00000
00.000000069200  128.00000
00.000000069400  136.00000
00.000000069600  136.00000
00.000000069800  144.00000
00.000000070000  144.00000
00.000000070200  136.00000
00.000000070400  136.00000
00.000000070600  136.00000
00.000000070800  136.00000
00.000000071000  136.00000
00.000000071200  128.00000
00.000000071400  128.00000
00.000000071600  136.00000
00.000000071800  136.00000
00.000000072000  136.00000
00.000000072200  136.00000
00.000000072400  136.00000
00.000000072600  136.00000
00.000000072800  144.00000
00.000000073000  136.00000
00.000000073200  136.00000
00.000000073400  136.00000
00.000000073600  136.00000
00.000000073800  136.00000
00.000000074000  136.00000
00.000000074200  136.00000
00.000000074400  136.00000
00.000000074600  136.00000
00.000000074800  136.00000
00.000000075000  136.00000
00.000000075200  136.00000
00.000000075400  136.00000
00.000000075600  136.00000
00.000000075800  136.00000
00.000000076000  136.00000
00.000000076200  136.00000
00.000000076400  136.00000
00.000000076600  136.00000
00.000000076800  136.00000
00.000000077000  136.00000
00.000000077200  136.00000
00.000000077400  136.00000
00.000000077600  136.00000
00.000000077800  136.00000
00.000000078000  128.00000
00.000000078200  128.00000
00.000000078400  128.00000
00.000000078600  128.00000
00.000000078800  128.00000
00.000000079000  128.00000
00.000000079200  128.00000
00.000000079400  128.00000
00.000000079600  128.00000
00.000000079800  128.00000
00.000000080000  128.00000
00.000000080200  128.00000
00.000000080400  128.00000
00.000000080600  128.00000
00.000000080800  128.00000
00.000000081000  128.00000
00.000000081200  128.00000
00.000000081400  128.00000
00.000000081600  128.00000
00.000000081800  128.00000
00.000000082000  120.00000
00.000000082200  120.00000
00.000000082400  120.00000
00.000000082600  120.00000
00.000000082800  120.00000
00.000000083000  120.00000
00.000000083200  112.00000
00.000000083400  112.00000
00.000000083600  120.00000
00.000000083800  120.00000
00.000000084000  120.00000
00.000000084200  120.00000
00.000000084400  120.00000
00.000000084600  120.00000
00.000000084800  128.00000
00.000000085000  120.00000
00.000000085200  120.00000
00.000000085400  120.00000
00.000000085600  120.00000
00.000000085800  120.00000
00.000000086000  120.00000
00.000000086200  120.00000
00.000000086400  120.00000
00.000000086600  120.00000
00.000000086800  120.00000
00.000000087000  120.00000
00.000000087200  120.00000
00.000000087400  120.00000
00.000000087600  120.00000
00.000000087800  120.00000
00.000000088000  112.00000
00.000000088200  112.00000
00.000000088400  112.00000
00.000000088600  112.00000
00.000000088800  112.00000
00.000000089000  112.00000
00.000000089200  112.00000
00.000000089400  112.00000
00.000000089600  112.00000
00.000000089800  112.00000
00.000000090000  104.00000
00.000000090200  104.00000
00.000000090400  104.00000
00.000000090600  104.00000
00.000000090800  104.00000
00.000000091000  104.00000
00.000000091200  104.00000
00.000000091400  104.00000
00.000000091600  104.00000
00.000000091800  104.00000
00.000000092000  104.00000
00.000000092200  104.00000
00.000000092400  104.00000
00.000000092600  104.00000
00.000000092800  104.00000
00.000000093000   96.00000
00.000000093200   96.00000
00.000000093400   96.00000
00.000000093600   96.00000
00.000000093800   96.00000
00.000000094000   96.00000
00.000000094200   96.00000
00.000000094400   96.00000
00.000000094600   96.00000
00.000000094800   96.00000
00.000000095000   88.00000
00.000000095200   88.00000
00.000000095400   88.00000
00.000000095600   88.00000
00.000000095800   88.00000
00.000000096000   88.00000
00.000000096200   88.00000
00.000000096400   88.00000
00.000000096600   88.00000
00.000000096800   96.00000
00.000000097000   96.00000
00.000000097200   96.00000
00.000000097400   96.00000
00.000000097600   96.00000
00.000000097800   96.00000
00.000000098000   88.00000
00.000000098200   88.00000
00.000000098400   88.00000
00.000000098600   88.00000
00.000000098800   88.00000
00.000000099000   88.00000
00.000000099200   88.00000
00.000000099400   88.00000
00.000000099600   88.00000
00.000000099800   96.00000
00.000000100000   96.00000
00.000000100200   96.00000
00.000000100400   96.00000
00.000000100600   96.00000
00.000000100800   96.00000
00.000000101000   88.00000
00.000000101200   88.00000
00.000000101400   80.00000
00.000000101600   80.00000
00.000000101800   80.00000
00.000000102000   80.00000
00.000000102200   80.00000
00.000000102400   80.00000
00.000000102600   80.00000
00.000000102800   88.00000
00.000000103000   80.00000
00.000000103200   80.00000
00.000000103400   80.00000
00.000000103600   80.00000
00.000000103800   80.00000
00.000000104000   80.00000
00.000000104200   80.00000
00.000000104400   80.00000
00.000000104600   80.00000
00.000000104800   80.00000
00.000000105000   80.00000
00.000000105200   80.00000
00.000000105400   80.00000
00.000000105600   80.00000
00.000000105800   80.00000
00.000000106000   72.00000
00.000000106200   72.00000
00.000000106400   72.00000
00.000000106600   72.00000
00.000000106800   72.00000
00.000000107000   72.00000
00.000000107200   72.00000
00.000000107400   72.00000
00.000000107600   72.00000
00.000000107800   72.00000
00.000000108000   72.00000
00.000000108200   72.00000
00.000000108400   72.00000
00.000000108600   72.00000
00.000000108800   72.00000
00.000000109000   72.00000
00.000000109200   72.00000
00.000000109400   72.00000
00.000000109600   72.00000
00.000000109800   72.00000
00.000000110000   64.00000
00.000000110200   64.00000
00.000000110400   64.00000
00.000000110600   64.00000
00.000000110800   64.00000
00.000000111000   56.00000
00.000000111200   56.00000
00.000000111400   56.00000
00.000000111600   56.00000
00.000000111800   56.00000
00.000000112000   56.00000
00.000000112200   56.00000
00.000000112400   56.00000
00.000000112600   56.00000
00.000000112800   56.00000
00.000000113000   56.00000
00.000000113200   56.00000
00.000000113400   56.00000
00.000000113600   56.00000
00.000000113800   56.00000
00.000000114000   56.00000
00.000000114200   56.00000
00.000000114400   56.00000
00.000000114600   56.00000
00.000000114800   56.00000
00.000000115000   56.00000
00.000000115200   56.00000
00.000000115400   56.00000
00.000000115600   56.00000
00.000000115800   56.00000
00.000000116000   56.00000
00.000000116200   56.00000
00.000000116400   56.00000
00.000000116600   56.00000
00.000000116800   64.00000
00.000000117000   64.00000
00.000000117200   64.00000
00.000000117400   64.00000
00.000000117600   64.00000
00.000000117800   64.00000
00.000000118000   56.00000
00.000000118200   56.00000
00.000000118400   56.00000
00.000000118600   56.00000
00.000000118800   56.00000
00.000000119000   56.00000
00.000000119200   48.00000
00.000000119400   48.00000
00.000000119600   56.00000
00.000000119800   56.00000
00.000000120000   56.00000
00.000000120200   56.00000
00.000000120400   56.00000
00.000000120600   56.00000
00.000000120800   64.00000
00.000000121000   64.00000
00.000000121200   64.00000
00.000000121400   64.00000
00.000000121600   64.00000
00.000000121800   64.00000
00.000000122000   64.00000
00.000000122200   64.00000
00.000000122400   64.00000
00.000000122600   64.00000
00.000000122800   64.00000
00.000000123000   56.00000
00.000000123200   56.00000
00.000000123400   56.00000
00.000000123600   56.00000
00.000000123800   56.00000
00.000000124000   56.00000
00.000000124200   48.00000
00.000000124400   48.00000
00.000000124600   56.00000
00.000000124800   56.00000
00.000000125000   56.00000
00.000000125200   56.00000
00.000000125400   56.00000
00.000000125600   56.00000
00.000000125800   64.00000
00.000000126000   64.00000
00.000000126200   64.00000
00.000000126400   64.00000
00.000000126600   64.00000
00.000000126800   64.00000
00.000000127000   56.00000
00.000000127200   56.00000
00.000000127400   56.00000
00.000000127600   56.00000
00.000000127800   56.00000
00.000000128000   56.00000
00.000000128200   56.00000
00.000000128400   56.00000
00.000000128600   56.00000
00.000000128800   56.00000
00.000000129000   56.00000
00.000000129200   56.00000
00.000000129400   56.00000
00.000000129600   56.00000
00.000000129800   56.00000
00.000000130000   56.00000
00.000000130200   56.00000
00.000000130400   56.00000
00.000000130600   56.00000
00.000000130800   56.00000
00.000000131000   48.00000
00.000000131200   48.00000
00.000000131400   48.00000
00.000000131600   48.00000
00.000000131800   48.00000
00.000000132000   48.00000
00.000000132200   48.00000
00.000000132400   48.00000
00.000000132600   48.00000
00.000000132800   48.00000
00.000000133000   48.00000
00.000000133200   48.00000
00.000000133400   48.00000
00.000000133600   48.00000
00.000000133800   48.00000
00.000000134000   48.00000
00.000000134200   48.00000
00.000000134400   48.00000
00.000000134600   48.00000
00.000000134800   48.00000
00.000000135000   48.00000
00.000000135200   48.00000
00.000000135400   48.00000
00.000000135600   48.00000
00.000000135800   48.00000
00.000000136000   48.00000
00.000000136200   48.00000
00.000000136400   48.00000
00.000000136600   48.00000
00.000000136800   48.00000
00.000000137000   48.00000
00.000000137200   48.00000
00.000000137400   48.00000
00.000000137600   48.00000
00.000000137800   48.00000
00.000000138000   48.00000
00.000000138200   48.00000
00.000000138400   48.00000
00.000000138600   48.00000
00.000000138800   56.00000
00.000000139000   56.00000
00.000000139200   56.00000
00.000000139400   56.00000
00.000000139600   56.00000
00.000000139800   56.00000
00.000000140000   56.00000
00.000000140200   56.00000
00.000000140400   56.00000
00.000000140600   56.00000
00.000000140800   56.00000
00.000000141000   56.00000
00.000000141200   56.00000
00.000000141400   56.00000
00.000000141600   56.00000
00.000000141800   56.00000
00.000000142000   48.00000
00.000000142200   48.00000
00.000000142400   40.00000
00.000000142600   40.00000
00.000000142800   40.00000
00.000000143000   40.00000
00.000000143200   40.00000
00.000000143400   40.00000
00.000000143600   40.00000
00.000000143800   48.00000
00.000000144000   48.00000
00.000000144200   48.00000
00.000000144400   48.00000
00.000000144600   56.00000
00.000000144800   56.00000
00.000000145000   48.00000
00.000000145200   48.00000
00.000000145400   48.00000
00.000000145600   48.00000
00.000000145800   48.00000
00.000000146000   48.00000
00.000000146200   48.00000
00.000000146400   48.00000
00.000000146600   48.00000
00.000000146800   56.00000
00.000000147000   56.00000
00.000000147200   56.00000
00.000000147400   56.00000
00.000000147600   56.00000
00.000000147800   56.00000
00.000000148000   48.00000
00.000000148200   48.00000
00.000000148400   48.00000
00.000000148600   48.00000
00.000000148800   48.00000
00.000000149000   48.00000
00.000000149200   48.00000
00.000000149400   48.00000
00.000000149600   48.00000
00.000000149800   56.00000
00.000000150000   48.00000
00.000000150200   48.00000
00.000000150400   48.00000
00.000000150600   48.00000
00.000000150800   48.00000
00.000000151000   40.00000
00.000000151200   40.00000
00.000000151400   40.00000
00.000000151600   40.00000
00.000000151800   48.00000
00.000000152000   48.00000
00.000000152200   48.00000
00.000000152400   56.00000
00.000000152600   56.00000
00.000000152800   64.00000
00.000000153000   64.00000
00.000000153200   56.00000
00.000000153400   56.00000
00.000000153600   56.00000
00.000000153800   56.00000
00.000000154000   48.00000
00.000000154200   48.00000
00.000000154400   48.00000
00.000000154600   48.00000
00.000000154800   48.00000
00.000000155000   48.00000
00.000000155200   48.00000
00.000000155400   56.00000
00.000000155600   56.00000
00.000000155800   64.00000
00.000000156000   64.00000
00.000000156200   56.00000
00.000000156400   56.00000
00.000000156600   56.00000
00.000000156800   56.00000
00.000000157000   48.00000
00.000000157200   48.00000
00.000000157400   48.00000
00.000000157600   48.00000
00.000000157800   48.00000
00.000000158000   48.00000
00.000000158200   48.00000
00.000000158400   56.00000
00.000000158600   56.00000
00.000000158800   64.00000
00.000000159000   64.00000
00.000000159200   64.00000
00.000000159400   64.00000
00.000000159600   64.00000
00.000000159800   64.00000
00.000000160000   56.00000
00.000000160200   56.00000
00.000000160400   48.00000
00.000000160600   48.00000
00.000000160800   48.00000
00.000000161000   48.00000
00.000000161200   40.00000
00.000000161400   48.00000
00.000000161600   48.00000
00.000000161800   48.00000
00.000000162000   48.00000
00.000000162200   48.00000
00.000000162400   48.00000
00.000000162600   48.00000
00.000000162800   48.00000
00.000000163000   48.00000
00.000000163200   48.00000
00.000000163400   48.00000
00.000000163600   48.00000
00.000000163800   48.00000
00.000000164000   48.00000
00.000000164200   48.00000
00.000000164400   48.00000
00.000000164600   48.00000
00.000000164800   48.00000
00.000000165000   48.00000
00.000000165200   48.00000
00.000000165400   48.00000
00.000000165600   48.00000
00.000000165800   56.00000
00.000000166000   56.00000
00.000000166200   56.00000
00.000000166400   56.00000
00.000000166600   56.00000
00.000000166800   56.00000
00.000000167000   48.00000
00.000000167200   48.00000
00.000000167400   48.00000
00.000000167600   48.00000
00.000000167800   48.00000
00.000000168000   48.00000
00.000000168200   40.00000
00.000000168400   40.00000
00.000000168600   48.00000
00.000000168800   48.00000
00.000000169000   48.00000
00.000000169200   48.00000
00.000000169400   48.00000
00.000000169600   48.00000
00.000000169800   56.00000
00.000000170000   48.00000
00.000000170200   48.00000
00.000000170400   48.00000
00.000000170600   48.00000
00.000000170800   48.00000
00.000000171000   48.00000
00.000000171200   48.00000
00.000000171400   48.00000
00.000000171600   48.00000
00.000000171800   56.00000
00.000000172000   56.00000
00.000000172200   56.00000
00.000000172400   56.00000
00.000000172600   56.00000
00.000000172800   56.00000
00.000000173000   48.00000
00.000000173200   48.00000
00.000000173400   48.00000
00.000000173600   48.00000
00.000000173800   48.00000
00.000000174000   48.00000
00.000000174200   40.00000
00.000000174400   40.00000
00.000000174600   48.00000
00.000000174800   48.00000
00.000000175000   48.00000
00.000000175200   48.00000
00.000000175400   48.00000
00.000000175600   48.00000
00.000000175800   56.00000
00.000000176000   56.00000
00.000000176200   56.00000
00.000000176400   56.00000
00.000000176600   56.00000
00.000000176800   64.00000
00.000000177000   64.00000
00.000000177200   64.00000
00.000000177400   64.00000
00.000000177600   64.00000
00.000000177800   64.00000
00.000000178000   56.00000
00.000000178200   56.00000
00.000000178400   56.00000
00.000000178600   56.00000
00.000000178800   56.00000
00.000000179000   48.00000
00.000000179200   48.00000
00.000000179400   48.00000
00.000000179600   48.00000
00.000000179800   48.00000
00.000000180000   48.00000
00.000000180200   48.00000
00.000000180400   48.00000
00.000000180600   48.00000
00.000000180800   48.00000
00.000000181000   48.00000
00.000000181200   48.00000
00.000000181400   48.00000
00.000000181600   48.00000
00.000000181800   48.00000
00.000000182000   48.00000
00.000000182200   48.00000
00.000000182400   48.00000
00.000000182600   48.00000
00.000000182800   56.00000
00.000000183000   56.00000
00.000000183200   56.00000
00.000000183400   56.00000
00.000000183600   56.00000
00.000000183800   56.00000
00.000000184000   48.00000
00.000000184200   48.00000
00.000000184400   48.00000
00.000000184600   48.00000
00.000000184800   48.00000
00.000000185000   48.00000
00.000000185200   48.00000
00.000000185400   48.00000
00.000000185600   48.00000
00.000000185800   56.00000
00.000000186000   48.00000
00.000000186200   48.00000
00.000000186400   48.00000
00.000000186600   48.00000
00.000000186800   48.00000
00.000000187000   48.00000
00.000000187200   48.00000
00.000000187400   48.00000
00.000000187600   48.00000
00.000000187800   56.00000
00.000000188000   48.00000
00.000000188200   48.00000
00.000000188400   48.00000
00.000000188600   48.00000
00.000000188800   48.00000
00.000000189000   48.00000
00.000000189200   48.00000
00.000000189400   48.00000
00.000000189600   48.00000
00.000000189800   56.00000
00.000000190000   48.00000
00.000000190200   48.00000
00.000000190400   48.00000
00.000000190600   48.00000
00.000000190800   48.00000
00.000000191000   48.00000
00.000000191200   48.00000
00.000000191400   48.00000
00.000000191600   48.00000
00.000000191800   56.00000
00.000000192000   48.00000
00.000000192200   48.00000
00.000000192400   48.00000
00.000000192600   48.00000
00.000000192800   48.00000
00.000000193000   48.00000
00.000000193200   40.00000
00.000000193400   40.00000
00.000000193600   48.00000
00.000000193800   48.00000
00.000000194000   48.00000
00.000000194200   48.00000
00.000000194400   48.00000
00.000000194600   48.00000
00.000000194800   56.00000
00.000000195000   56.00000
00.000000195200   56.00000
00.000000195400   56.00000
00.000000195600   56.00000
00.000000195800   56.00000
00.000000196000   48.00000
00.000000196200   48.00000
00.000000196400   48.00000
00.000000196600   48.00000
00.000000196800   48.00000
00.000000197000   48.00000
00.000000197200   48.00000
00.000000197400   48.00000
00.000000197600   48.00000
00.000000197800   56.00000
00.000000198000   48.00000
00.000000198200   48.00000
00.000000198400   48.00000
00.000000198600   48.00000
00.000000198800   48.00000
00.000000199000   48.00000
00.000000199200   48.00000
00.000000199400   48.00000
00.000000199600   48.00000
00.000000199800   56.000